block_type player_loc monster object gold monster_index object_index gold_value prox_ripple_value visible color
0 0 ` 0 0 0 -1 -1 -1 99 1 0
0 1 ` 0 0 0 -1 -1 -1 99 1 0
0 2 ` 0 0 0 -1 -1 -1 99 1 0
0 3 ` 0 0 0 -1 -1 -1 99 1 0
0 4 ` 0 0 0 -1 -1 -1 99 1 0
0 5 ` 0 0 0 -1 -1 -1 99 1 0
0 6 ` 0 0 0 -1 -1 -1 99 1 0
0 7 ` 0 0 0 -1 -1 -1 99 1 0
0 8 ` 0 0 0 -1 -1 -1 99 1 0
0 9 ` 0 0 0 -1 -1 -1 99 1 0
0 10 ` 0 0 0 -1 -1 -1 99 1 0
0 11 ` 0 0 0 -1 -1 -1 99 1 0
0 12 ` 0 0 0 -1 -1 -1 99 1 0
0 13 ` 0 0 0 -1 -1 -1 99 1 0
0 14 ` 0 0 0 -1 -1 -1 99 1 0
0 15 ` 0 0 0 -1 -1 -1 99 1 0
0 16 ` 0 0 0 -1 -1 -1 99 1 0
0 17 ` 0 0 0 -1 -1 -1 99 1 0
0 18 ` 0 0 0 -1 -1 -1 99 1 0
0 19 ` 0 0 0 -1 -1 -1 99 1 0
0 20 ` 0 0 0 -1 -1 -1 99 1 0
0 21 ` 0 0 0 -1 -1 -1 99 1 0
0 22 ` 0 0 0 -1 -1 -1 99 1 0
0 23 ` 0 0 0 -1 -1 -1 99 1 0
0 24 ` 0 0 0 -1 -1 -1 99 1 0
0 25 ` 0 0 0 -1 -1 -1 99 1 0
0 26 ` 0 0 0 -1 -1 -1 99 1 0
0 27 ` 0 0 0 -1 -1 -1 99 1 0
0 28 ` 0 0 0 -1 -1 -1 99 1 0
0 29 ` 0 0 0 -1 -1 -1 99 1 0
0 30 ` 0 0 0 -1 -1 -1 99 1 0
0 31 ` 0 0 0 -1 -1 -1 99 1 0
0 32 ` 0 0 0 -1 -1 -1 99 1 0
0 33 ` 0 0 0 -1 -1 -1 99 1 0
0 34 ` 0 0 0 -1 -1 -1 99 1 0
0 35 ` 0 0 0 -1 -1 -1 99 1 0
0 36 ` 0 0 0 -1 -1 -1 99 1 0
0 37 ` 0 0 0 -1 -1 -1 99 1 0
0 38 ` 0 0 0 -1 -1 -1 99 1 0
0 39 ` 0 0 0 -1 -1 -1 99 1 0
0 40 ` 0 0 0 -1 -1 -1 99 1 0
0 41 ` 0 0 0 -1 -1 -1 99 1 0
0 42 ` 0 0 0 -1 -1 -1 99 1 0
0 43 ` 0 0 0 -1 -1 -1 99 1 0
0 44 ` 0 0 0 -1 -1 -1 99 1 0
0 45 ` 0 0 0 -1 -1 -1 99 1 0
0 46 ` 0 0 0 -1 -1 -1 99 1 0
0 47 ` 0 0 0 -1 -1 -1 99 1 0
0 48 ` 0 0 0 -1 -1 -1 99 1 0
0 49 ` 0 0 0 -1 -1 -1 99 1 0
0 50 ` 0 0 0 -1 -1 -1 99 1 0
0 51 ` 0 0 0 -1 -1 -1 99 1 0
0 52 ` 0 0 0 -1 -1 -1 99 1 0
0 53 ` 0 0 0 -1 -1 -1 99 1 0
0 54 ` 0 0 0 -1 -1 -1 99 1 0
0 55 ` 0 0 0 -1 -1 -1 99 1 0
0 56 ` 0 0 0 -1 -1 -1 99 1 0
0 57 ` 0 0 0 -1 -1 -1 99 1 0
0 58 ` 0 0 0 -1 -1 -1 99 1 0
0 59 ` 0 0 0 -1 -1 -1 99 1 0
0 60 ` 0 0 0 -1 -1 -1 99 1 0
0 61 ` 0 0 0 -1 -1 -1 99 1 0
0 62 ` 0 0 0 -1 -1 -1 99 1 0
0 63 ` 0 0 0 -1 -1 -1 99 1 0
0 64 ` 0 0 0 -1 -1 -1 99 1 0
0 65 ` 0 0 0 -1 -1 -1 99 1 0
0 66 ` 0 0 0 -1 -1 -1 99 1 0
1 0 # 0 0 0 -1 -1 -1 256 1 3
1 1 # 0 0 0 -1 -1 -1 256 1 3
1 2 # 0 0 0 -1 -1 -1 256 1 3
1 3 # 0 0 0 -1 -1 -1 256 1 3
1 4 # 0 0 0 -1 -1 -1 256 1 3
1 5 # 0 0 0 -1 -1 -1 256 1 3
1 6 # 0 0 0 -1 -1 -1 256 1 3
1 7 # 0 0 0 -1 -1 -1 256 1 3
1 8 # 0 0 0 -1 -1 -1 256 1 3
1 9 # 0 0 0 -1 -1 -1 256 1 3
1 10 # 0 0 0 -1 -1 -1 256 1 3
1 11 # 0 0 0 -1 -1 -1 256 1 3
1 12 # 0 0 0 -1 -1 -1 256 1 3
1 13 # 0 0 0 -1 -1 -1 256 1 3
1 14 # 0 0 0 -1 -1 -1 256 1 3
1 15 # 0 0 0 -1 -1 -1 256 1 3
1 16 # 0 0 0 -1 -1 -1 256 1 3
1 17 # 0 0 0 -1 -1 -1 256 1 3
1 18 # 0 0 0 -1 -1 -1 256 1 3
1 19 # 0 0 0 -1 -1 -1 256 1 3
1 20 # 0 0 0 -1 -1 -1 256 1 3
1 21 # 0 0 0 -1 -1 -1 256 1 3
1 22 # 0 0 0 -1 -1 -1 256 1 3
1 23 # 0 0 0 -1 -1 -1 256 1 3
1 24 # 0 0 0 -1 -1 -1 256 1 3
1 25 # 0 0 0 -1 -1 -1 256 1 3
1 26 # 0 0 0 -1 -1 -1 256 1 3
1 27 # 0 0 0 -1 -1 -1 256 1 3
1 28 # 0 0 0 -1 -1 -1 256 1 3
1 29 # 0 0 0 -1 -1 -1 256 1 3
1 30 # 0 0 0 -1 -1 -1 256 1 3
1 31 # 0 0 0 -1 -1 -1 256 1 3
1 32 # 0 0 0 -1 -1 -1 256 1 3
1 33 # 0 0 0 -1 -1 -1 256 1 3
1 34 # 0 0 0 -1 -1 -1 256 1 3
1 35 # 0 0 0 -1 -1 -1 256 1 3
1 36 # 0 0 0 -1 -1 -1 256 1 3
1 37 # 0 0 0 -1 -1 -1 256 1 3
1 38 # 0 0 0 -1 -1 -1 256 1 3
1 39 # 0 0 0 -1 -1 -1 256 1 3
1 40 # 0 0 0 -1 -1 -1 256 1 3
1 41 # 0 0 0 -1 -1 -1 256 1 3
1 42 # 0 0 0 -1 -1 -1 256 1 3
1 43 # 0 0 0 -1 -1 -1 256 1 3
1 44 # 0 0 0 -1 -1 -1 256 1 3
1 45 # 0 0 0 -1 -1 -1 256 1 3
1 46 # 0 0 0 -1 -1 -1 256 1 3
1 47 # 0 0 0 -1 -1 -1 256 1 3
1 48 # 0 0 0 -1 -1 -1 256 1 3
1 49 # 0 0 0 -1 -1 -1 256 1 3
1 50 # 0 0 0 -1 -1 -1 256 1 3
1 51 # 0 0 0 -1 -1 -1 256 1 3
1 52 # 0 0 0 -1 -1 -1 256 1 3
1 53 # 0 0 0 -1 -1 -1 256 1 3
1 54 # 0 0 0 -1 -1 -1 256 1 3
1 55 # 0 0 0 -1 -1 -1 256 1 3
1 56 # 0 0 0 -1 -1 -1 256 1 3
1 57 # 0 0 0 -1 -1 -1 256 1 3
1 58 # 0 0 0 -1 -1 -1 256 1 3
1 59 # 0 0 0 -1 -1 -1 256 1 3
1 60 # 0 0 0 -1 -1 -1 256 1 3
1 61 # 0 0 0 -1 -1 -1 256 1 3
1 62 # 0 0 0 -1 -1 -1 256 1 3
1 63 # 0 0 0 -1 -1 -1 256 1 3
1 64 # 0 0 0 -1 -1 -1 256 1 3
1 65 # 0 0 0 -1 -1 -1 256 1 3
1 66 # 0 0 0 -1 -1 -1 256 1 3
2 0 # 0 0 0 -1 -1 -1 256 1 3
2 1 # 0 0 0 -1 -1 -1 256 1 3
2 2 # 0 0 0 -1 -1 -1 256 1 3
2 3 # 0 0 0 -1 -1 -1 256 1 3
2 4 # 0 0 0 -1 -1 -1 256 1 3
2 5 # 0 0 0 -1 -1 -1 256 1 3
2 6 # 0 0 0 -1 -1 -1 256 1 3
2 7 # 0 0 0 -1 -1 -1 256 1 3
2 8 # 0 0 0 -1 -1 -1 256 1 3
2 9 # 0 0 0 -1 -1 -1 256 1 3
2 10 # 0 0 0 -1 -1 -1 256 1 3
2 11 # 0 0 0 -1 -1 -1 256 1 3
2 12 # 0 0 0 -1 -1 -1 256 1 3
2 13 # 0 0 0 -1 -1 -1 256 1 3
2 14 # 0 0 0 -1 -1 -1 256 1 3
2 15 # 0 0 0 -1 -1 -1 256 1 3
2 16 # 0 0 0 -1 -1 -1 256 1 3
2 17 # 0 0 0 -1 -1 -1 256 1 3
2 18 # 0 0 0 -1 -1 -1 256 1 3
2 19 # 0 0 0 -1 -1 -1 256 1 3
2 20 # 0 0 0 -1 -1 -1 256 1 3
2 21 # 0 0 0 -1 -1 -1 256 1 3
2 22 # 0 0 0 -1 -1 -1 256 1 3
2 23 # 0 0 0 -1 -1 -1 256 1 3
2 24 # 0 0 0 -1 -1 -1 256 1 3
2 25 # 0 0 0 -1 -1 -1 256 1 3
2 26 # 0 0 0 -1 -1 -1 256 1 3
2 27 # 0 0 0 -1 -1 -1 256 1 3
2 28 # 0 0 0 -1 -1 -1 256 1 3
2 29 # 0 0 0 -1 -1 -1 256 1 3
2 30 # 0 0 0 -1 -1 -1 256 1 3
2 31 # 0 0 0 -1 -1 -1 256 1 3
2 32 # 0 0 0 -1 -1 -1 256 1 3
2 33 # 0 0 0 -1 -1 -1 256 1 3
2 34 # 0 0 0 -1 -1 -1 256 1 3
2 35 # 0 0 0 -1 -1 -1 256 1 3
2 36 # 0 0 0 -1 -1 -1 256 1 3
2 37 # 0 0 0 -1 -1 -1 256 1 3
2 38 # 0 0 0 -1 -1 -1 256 1 3
2 39 # 0 0 0 -1 -1 -1 256 1 3
2 40 # 0 0 0 -1 -1 -1 256 1 3
2 41 # 0 0 0 -1 -1 -1 256 1 3
2 42 # 0 0 0 -1 -1 -1 256 1 3
2 43 # 0 0 0 -1 -1 -1 256 1 3
2 44 # 0 0 0 -1 -1 -1 256 1 3
2 45 # 0 0 0 -1 -1 -1 256 1 3
2 46 # 0 0 0 -1 -1 -1 256 1 3
2 47 # 0 0 0 -1 -1 -1 256 1 3
2 48 # 0 0 0 -1 -1 -1 256 1 3
2 49 # 0 0 0 -1 -1 -1 256 1 3
2 50 # 0 0 0 -1 -1 -1 256 1 3
2 51 # 0 0 0 -1 -1 -1 256 1 3
2 52 # 0 0 0 -1 -1 -1 256 1 3
2 53 # 0 0 0 -1 -1 -1 256 1 3
2 54 # 0 0 0 -1 -1 -1 256 1 3
2 55 # 0 0 0 -1 -1 -1 256 1 3
2 56 # 0 0 0 -1 -1 -1 256 1 3
2 57 # 0 0 0 -1 -1 -1 256 1 3
2 58 # 0 0 0 -1 -1 -1 256 1 3
2 59 # 0 0 0 -1 -1 -1 256 1 3
2 60 # 0 0 0 -1 -1 -1 256 1 3
2 61 # 0 0 0 -1 -1 -1 256 1 3
2 62 # 0 0 0 -1 -1 -1 256 1 3
2 63 # 0 0 0 -1 -1 -1 256 1 3
2 64 # 0 0 0 -1 -1 -1 256 1 3
2 65 # 0 0 0 -1 -1 -1 256 1 3
2 66 # 0 0 0 -1 -1 -1 256 1 3
3 0 # 0 0 0 -1 -1 -1 256 1 3
3 1 . 0 0 0 -1 -1 -1 256 1 3
3 2 . 0 0 0 -1 -1 -1 256 1 3
3 3 . 0 0 0 -1 -1 -1 256 1 3
3 4 . 0 0 0 -1 -1 -1 256 1 3
3 5 . 0 0 0 -1 -1 -1 256 1 3
3 6 . 0 0 0 -1 -1 -1 256 1 3
3 7 . 0 0 0 -1 -1 -1 256 1 3
3 8 . 0 0 0 -1 -1 -1 256 1 3
3 9 . 0 0 0 -1 -1 -1 256 1 3
3 10 . 0 0 0 -1 -1 -1 256 1 3
3 11 . 0 0 0 -1 -1 -1 256 1 3
3 12 . 0 0 0 -1 -1 -1 256 1 3
3 13 . 0 0 0 -1 -1 -1 256 1 3
3 14 . 0 0 0 -1 -1 -1 256 1 3
3 15 . 0 0 0 -1 -1 -1 256 1 3
3 16 . 0 0 0 -1 -1 -1 256 1 3
3 17 . 0 0 0 -1 -1 -1 256 1 3
3 18 . 0 0 0 -1 -1 -1 256 1 3
3 19 . 0 0 0 -1 -1 -1 256 1 3
3 20 . 0 0 0 -1 -1 -1 256 1 3
3 21 . 0 0 0 -1 -1 -1 256 1 3
3 22 . 0 0 0 -1 -1 -1 256 1 3
3 23 . 1 0 0 6 -1 -1 256 1 3
3 24 . 0 0 0 -1 -1 -1 256 1 3
3 25 . 0 0 0 -1 -1 -1 256 1 3
3 26 . 0 0 0 -1 -1 -1 256 1 3
3 27 . 0 0 0 -1 -1 -1 256 1 3
3 28 . 0 0 0 -1 -1 -1 256 1 3
3 29 . 0 0 0 -1 -1 -1 256 1 3
3 30 . 0 0 0 -1 -1 -1 256 1 3
3 31 . 0 0 0 -1 -1 -1 256 1 3
3 32 . 0 0 0 -1 -1 -1 256 1 3
3 33 . 0 0 0 -1 -1 -1 256 1 3
3 34 . 0 0 0 -1 -1 -1 256 1 3
3 35 . 0 0 0 -1 -1 -1 256 1 3
3 36 . 0 0 0 -1 -1 -1 256 1 3
3 37 . 0 0 0 -1 -1 -1 256 1 3
3 38 . 0 0 0 -1 -1 -1 256 1 3
3 39 . 0 0 0 -1 -1 -1 256 1 3
3 40 . 0 0 0 -1 -1 -1 256 1 3
3 41 . 0 0 0 -1 -1 -1 256 1 3
3 42 . 0 0 0 -1 -1 -1 256 1 3
3 43 . 0 0 0 -1 -1 -1 256 1 3
3 44 . 0 0 0 -1 -1 -1 256 1 3
3 45 . 0 1 0 -1 6 -1 256 1 3
3 46 . 0 0 0 -1 -1 -1 256 1 3
3 47 . 0 0 0 -1 -1 -1 256 1 3
3 48 . 0 0 0 -1 -1 -1 256 1 3
3 49 . 0 0 0 -1 -1 -1 256 1 3
3 50 . 0 0 0 -1 -1 -1 256 1 3
3 51 . 0 0 0 -1 -1 -1 256 1 3
3 52 . 0 0 0 -1 -1 -1 256 1 3
3 53 . 0 0 0 -1 -1 -1 256 1 3
3 54 . 0 0 0 -1 -1 -1 256 1 3
3 55 . 0 0 0 -1 -1 -1 256 1 3
3 56 . 0 0 0 -1 -1 -1 256 1 3
3 57 . 0 0 0 -1 -1 -1 256 1 3
3 58 . 0 0 0 -1 -1 -1 256 1 3
3 59 . 0 0 0 -1 -1 -1 256 1 3
3 60 . 0 0 0 -1 -1 -1 256 1 3
3 61 . 0 0 0 -1 -1 -1 256 1 3
3 62 . 0 0 0 -1 -1 -1 256 1 3
3 63 . 0 0 0 -1 -1 -1 256 1 3
3 64 . 0 0 0 -1 -1 -1 256 1 3
3 65 . 0 0 0 -1 -1 -1 256 1 3
3 66 # 0 0 0 -1 -1 -1 256 1 3
4 0 # 0 0 0 -1 -1 -1 256 1 3
4 1 . 0 0 0 -1 -1 -1 256 1 3
4 2 . 0 0 0 -1 -1 -1 256 1 3
4 3 . 0 0 0 -1 -1 -1 256 1 3
4 4 . 0 0 0 -1 -1 -1 256 1 3
4 5 . 0 0 0 -1 -1 -1 256 1 3
4 6 . 0 0 0 -1 -1 -1 256 1 3
4 7 . 0 0 0 -1 -1 -1 256 1 3
4 8 . 0 0 0 -1 -1 -1 256 1 3
4 9 . 0 0 0 -1 -1 -1 256 1 3
4 10 . 0 0 0 -1 -1 -1 256 1 3
4 11 . 0 0 0 -1 -1 -1 256 1 3
4 12 . 0 0 0 -1 -1 -1 256 1 3
4 13 . 0 0 0 -1 -1 -1 256 1 3
4 14 . 0 0 0 -1 -1 -1 256 1 3
4 15 . 0 0 0 -1 -1 -1 256 1 3
4 16 . 0 0 0 -1 -1 -1 256 1 3
4 17 . 0 0 0 -1 -1 -1 256 1 3
4 18 . 0 0 0 -1 -1 -1 256 1 3
4 19 . 0 0 0 -1 -1 -1 256 1 3
4 20 . 0 0 0 -1 -1 -1 256 1 3
4 21 . 0 0 0 -1 -1 -1 256 1 3
4 22 . 0 0 1 -1 -1 26 256 1 3
4 23 . 0 0 0 -1 -1 -1 256 1 3
4 24 . 0 0 0 -1 -1 -1 256 1 3
4 25 . 0 0 0 -1 -1 -1 256 1 3
4 26 . 0 0 0 -1 -1 -1 256 1 3
4 27 . 0 0 0 -1 -1 -1 256 1 3
4 28 . 0 0 0 -1 -1 -1 256 1 3
4 29 . 0 0 0 -1 -1 -1 256 1 3
4 30 . 0 0 0 -1 -1 -1 256 1 3
4 31 . 0 0 0 -1 -1 -1 256 1 3
4 32 . 0 0 0 -1 -1 -1 256 1 3
4 33 . 0 0 0 -1 -1 -1 256 1 3
4 34 . 0 0 0 -1 -1 -1 256 1 3
4 35 . 0 0 0 -1 -1 -1 256 1 3
4 36 . 0 0 0 -1 -1 -1 256 1 3
4 37 . 0 0 0 -1 -1 -1 256 1 3
4 38 . 0 0 0 -1 -1 -1 256 1 3
4 39 . 0 0 0 -1 -1 -1 256 1 3
4 40 . 0 0 0 -1 -1 -1 256 1 3
4 41 . 0 0 0 -1 -1 -1 256 1 3
4 42 . 0 0 0 -1 -1 -1 256 1 3
4 43 . 0 0 0 -1 -1 -1 256 1 3
4 44 . 0 0 0 -1 -1 -1 256 1 3
4 45 . 0 0 0 -1 -1 -1 256 1 3
4 46 . 0 0 0 -1 -1 -1 256 1 3
4 47 . 0 0 0 -1 -1 -1 256 1 3
4 48 . 0 0 0 -1 -1 -1 256 1 3
4 49 . 0 0 0 -1 -1 -1 256 1 3
4 50 . 0 0 0 -1 -1 -1 256 1 3
4 51 . 0 0 0 -1 -1 -1 256 1 3
4 52 . 0 0 0 -1 -1 -1 256 1 3
4 53 . 0 0 0 -1 -1 -1 256 1 3
4 54 . 0 0 0 -1 -1 -1 256 1 3
4 55 . 0 0 0 -1 -1 -1 256 1 3
4 56 . 0 0 0 -1 -1 -1 256 1 3
4 57 . 0 0 0 -1 -1 -1 256 1 3
4 58 . 0 0 0 -1 -1 -1 256 1 3
4 59 . 0 0 0 -1 -1 -1 256 1 3
4 60 . 0 0 0 -1 -1 -1 256 1 3
4 61 . 0 0 0 -1 -1 -1 256 1 3
4 62 . 0 0 0 -1 -1 -1 256 1 3
4 63 . 0 0 0 -1 -1 -1 256 1 3
4 64 . 0 0 0 -1 -1 -1 256 1 3
4 65 . 0 0 0 -1 -1 -1 256 1 3
4 66 # 0 0 0 -1 -1 -1 256 1 3
5 0 # 0 0 0 -1 -1 -1 256 1 3
5 1 . 0 0 0 -1 -1 -1 256 1 3
5 2 . 0 0 0 -1 -1 -1 256 1 3
5 3 . 0 0 0 -1 -1 -1 256 1 3
5 4 . 0 0 0 -1 -1 -1 256 1 3
5 5 . 0 0 0 -1 -1 -1 256 1 3
5 6 . 0 0 0 -1 -1 -1 256 1 3
5 7 . 0 0 0 -1 -1 -1 256 1 3
5 8 . 0 0 0 -1 -1 -1 256 1 3
5 9 . 0 0 0 -1 -1 -1 256 1 3
5 10 . 0 0 0 -1 -1 -1 256 1 3
5 11 . 0 0 0 -1 -1 -1 256 1 3
5 12 . 0 0 0 -1 -1 -1 256 1 3
5 13 . 0 0 0 -1 -1 -1 256 1 3
5 14 . 0 0 0 -1 -1 -1 256 1 3
5 15 . 0 0 0 -1 -1 -1 256 1 3
5 16 . 0 0 0 -1 -1 -1 256 1 3
5 17 . 0 0 0 -1 -1 -1 256 1 3
5 18 . 0 0 0 -1 -1 -1 256 1 3
5 19 . 0 0 0 -1 -1 -1 256 1 3
5 20 . 0 0 0 -1 -1 -1 256 1 3
5 21 . 0 0 0 -1 -1 -1 256 1 3
5 22 . 0 0 0 -1 -1 -1 256 1 3
5 23 . 0 0 0 -1 -1 -1 256 1 3
5 24 . 0 0 0 -1 -1 -1 256 1 3
5 25 # 0 0 0 -1 -1 -1 256 1 3
5 26 # 0 0 0 -1 -1 -1 256 1 3
5 27 # 0 0 0 -1 -1 -1 256 1 3
5 28 # 0 0 0 -1 -1 -1 256 1 3
5 29 # 0 0 0 -1 -1 -1 256 1 3
5 30 # 0 0 0 -1 -1 -1 256 1 3
5 31 # 0 0 0 -1 -1 -1 256 1 3
5 32 # 0 0 0 -1 -1 -1 256 1 3
5 33 # 0 0 0 -1 -1 -1 256 1 3
5 34 # 0 0 0 -1 -1 -1 256 1 3
5 35 # 0 0 0 -1 -1 -1 256 1 3
5 36 # 0 0 0 -1 -1 -1 256 1 3
5 37 # 0 0 0 -1 -1 -1 256 1 3
5 38 # 0 0 0 -1 -1 -1 256 1 3
5 39 # 0 0 0 -1 -1 -1 256 1 3
5 40 . 0 1 0 -1 2 -1 256 1 1
5 41 # 0 0 0 -1 -1 -1 256 1 3
5 42 # 0 0 0 -1 -1 -1 256 1 3
5 43 # 0 0 0 -1 -1 -1 256 1 3
5 44 # 0 0 0 -1 -1 -1 256 1 3
5 45 # 0 0 0 -1 -1 -1 256 1 3
5 46 # 0 0 0 -1 -1 -1 256 1 3
5 47 # 0 0 0 -1 -1 -1 256 1 3
5 48 # 0 0 0 -1 -1 -1 256 1 3
5 49 # 0 0 0 -1 -1 -1 256 1 3
5 50 # 0 0 0 -1 -1 -1 256 1 3
5 51 # 0 0 0 -1 -1 -1 256 1 3
5 52 # 0 0 0 -1 -1 -1 256 1 3
5 53 # 0 0 0 -1 -1 -1 256 1 3
5 54 # 0 0 0 -1 -1 -1 256 1 3
5 55 # 0 0 0 -1 -1 -1 256 1 3
5 56 # 0 0 0 -1 -1 -1 256 1 3
5 57 # 0 0 0 -1 -1 -1 256 1 3
5 58 # 0 0 0 -1 -1 -1 256 1 3
5 59 # 0 0 0 -1 -1 -1 256 1 3
5 60 # 0 0 0 -1 -1 -1 256 1 3
5 61 . 0 1 0 -1 2 -1 256 1 1
5 62 # 0 0 0 -1 -1 -1 256 1 3
5 63 . 0 0 0 -1 -1 -1 256 1 3
5 64 . 0 0 0 -1 -1 -1 256 1 3
5 65 . 0 0 0 -1 -1 -1 256 1 3
5 66 # 0 0 0 -1 -1 -1 256 1 3
6 0 # 0 0 0 -1 -1 -1 256 1 3
6 1 . 0 0 0 -1 -1 -1 256 1 3
6 2 . 0 0 0 -1 -1 -1 256 1 3
6 3 . 0 0 0 -1 -1 -1 256 1 3
6 4 . 0 0 0 -1 -1 -1 256 1 3
6 5 . 0 0 0 -1 -1 -1 256 1 3
6 6 . 0 0 0 -1 -1 -1 256 1 3
6 7 . 0 0 0 -1 -1 -1 256 1 3
6 8 . 0 0 0 -1 -1 -1 256 1 3
6 9 . 0 0 0 -1 -1 -1 256 1 3
6 10 . 0 0 0 -1 -1 -1 256 1 3
6 11 . 0 0 0 -1 -1 -1 256 1 3
6 12 . 0 0 0 -1 -1 -1 256 1 3
6 13 . 0 0 0 -1 -1 -1 256 1 3
6 14 . 0 0 0 -1 -1 -1 256 1 3
6 15 . 0 0 0 -1 -1 -1 256 1 3
6 16 . 0 0 0 -1 -1 -1 256 1 3
6 17 . 0 0 0 -1 -1 -1 256 1 3
6 18 . 0 0 0 -1 -1 -1 256 1 3
6 19 . 0 0 0 -1 -1 -1 256 1 3
6 20 . 0 0 0 -1 -1 -1 256 1 3
6 21 . 0 0 0 -1 -1 -1 256 1 3
6 22 . 0 0 0 -1 -1 -1 256 1 3
6 23 . 0 0 0 -1 -1 -1 256 1 3
6 24 . 0 0 0 -1 -1 -1 256 1 3
6 25 # 0 0 0 -1 -1 -1 256 1 3
6 26 # 0 0 0 -1 -1 -1 256 1 3
6 27 # 0 0 0 -1 -1 -1 256 1 3
6 28 # 0 0 0 -1 -1 -1 256 1 3
6 29 # 0 0 0 -1 -1 -1 256 1 3
6 30 # 0 0 0 -1 -1 -1 256 1 3
6 31 # 0 0 0 -1 -1 -1 256 1 3
6 32 # 0 0 0 -1 -1 -1 256 1 3
6 33 # 0 0 0 -1 -1 -1 256 1 3
6 34 # 0 0 0 -1 -1 -1 256 1 3
6 35 # 0 0 0 -1 -1 -1 256 1 3
6 36 # 0 0 0 -1 -1 -1 256 1 3
6 37 # 0 0 0 -1 -1 -1 256 1 3
6 38 # 0 0 0 -1 -1 -1 256 1 3
6 39 # 0 0 0 -1 -1 -1 256 1 3
6 40 . 0 1 0 -1 2 -1 256 1 1
6 41 # 0 0 0 -1 -1 -1 256 1 3
6 42 # 0 0 0 -1 -1 -1 256 1 3
6 43 # 0 0 0 -1 -1 -1 256 1 3
6 44 # 0 0 0 -1 -1 -1 256 1 3
6 45 # 0 0 0 -1 -1 -1 256 1 3
6 46 # 0 0 0 -1 -1 -1 256 1 3
6 47 # 0 0 0 -1 -1 -1 256 1 3
6 48 # 0 0 0 -1 -1 -1 256 1 3
6 49 # 0 0 0 -1 -1 -1 256 1 3
6 50 # 0 0 0 -1 -1 -1 256 1 3
6 51 # 0 0 0 -1 -1 -1 256 1 3
6 52 # 0 0 0 -1 -1 -1 256 1 3
6 53 # 0 0 0 -1 -1 -1 256 1 3
6 54 # 0 0 0 -1 -1 -1 256 1 3
6 55 # 0 0 0 -1 -1 -1 256 1 3
6 56 # 0 0 0 -1 -1 -1 256 1 3
6 57 # 0 0 0 -1 -1 -1 256 1 3
6 58 # 0 0 0 -1 -1 -1 256 1 3
6 59 # 0 0 0 -1 -1 -1 256 1 3
6 60 # 0 0 0 -1 -1 -1 256 1 3
6 61 . 0 1 0 -1 2 -1 256 1 1
6 62 # 0 0 0 -1 -1 -1 256 1 3
6 63 . 0 0 0 -1 -1 -1 256 1 3
6 64 . 0 0 0 -1 -1 -1 256 1 3
6 65 . 0 0 0 -1 -1 -1 256 1 3
6 66 # 0 0 0 -1 -1 -1 256 1 3
7 0 # 0 0 0 -1 -1 -1 256 1 3
7 1 . 0 0 0 -1 -1 -1 256 1 3
7 2 . 0 0 0 -1 -1 -1 256 1 3
7 3 # 0 0 0 -1 -1 -1 256 1 3
7 4 # 0 0 0 -1 -1 -1 256 1 3
7 5 # 0 0 0 -1 -1 -1 256 1 3
7 6 # 0 0 0 -1 -1 -1 256 1 3
7 7 # 0 0 0 -1 -1 -1 256 1 3
7 8 # 0 0 0 -1 -1 -1 256 1 3
7 9 # 0 0 0 -1 -1 -1 256 1 3
7 10 # 0 0 0 -1 -1 -1 256 1 3
7 11 # 0 0 0 -1 -1 -1 256 1 3
7 12 # 0 0 0 -1 -1 -1 256 1 3
7 13 # 0 0 0 -1 -1 -1 256 1 3
7 14 # 0 0 0 -1 -1 -1 256 1 3
7 15 # 0 0 0 -1 -1 -1 256 1 3
7 16 # 0 0 0 -1 -1 -1 256 1 3
7 17 # 0 0 0 -1 -1 -1 256 1 3
7 18 # 0 0 0 -1 -1 -1 256 1 3
7 19 # 0 0 0 -1 -1 -1 256 1 3
7 20 # 0 0 0 -1 -1 -1 256 1 3
7 21 # 0 0 0 -1 -1 -1 256 1 3
7 22 # 0 0 0 -1 -1 -1 256 1 3
7 23 # 0 0 0 -1 -1 -1 256 1 3
7 24 # 0 0 0 -1 -1 -1 256 1 3
7 25 # 0 0 0 -1 -1 -1 256 1 3
7 26 . 0 0 0 -1 -1 -1 256 1 3
7 27 . 0 0 0 -1 -1 -1 256 1 3
7 28 . 0 0 0 -1 -1 -1 256 1 3
7 29 . 0 0 0 -1 -1 -1 256 1 3
7 30 . 0 0 0 -1 -1 -1 256 1 3
7 31 . 0 0 0 -1 -1 -1 256 1 3
7 32 . 0 0 0 -1 -1 -1 256 1 3
7 33 . 0 0 0 -1 -1 -1 256 1 3
7 34 . 0 0 0 -1 -1 -1 256 1 3
7 35 . 0 0 0 -1 -1 -1 256 1 3
7 36 . 0 0 0 -1 -1 -1 256 1 3
7 37 . 0 0 0 -1 -1 -1 256 1 3
7 38 . 0 0 0 -1 -1 -1 256 1 3
7 39 . 0 0 0 -1 -1 -1 256 1 3
7 40 . 1 0 0 21 -1 -1 256 1 3
7 41 . 0 0 0 -1 -1 -1 256 1 3
7 42 . 0 0 0 -1 -1 -1 256 1 3
7 43 . 0 0 0 -1 -1 -1 256 1 3
7 44 . 0 0 0 -1 -1 -1 256 1 3
7 45 . 0 0 0 -1 -1 -1 256 1 3
7 46 # 0 0 0 -1 -1 -1 256 1 3
7 47 . 0 0 0 -1 -1 -1 256 1 3
7 48 # 0 0 0 -1 -1 -1 256 1 3
7 49 # 0 0 0 -1 -1 -1 256 1 3
7 50 . 0 0 0 -1 -1 -1 256 1 3
7 51 . 0 0 0 -1 -1 -1 256 1 3
7 52 . 0 0 0 -1 -1 -1 256 1 3
7 53 . 0 0 0 -1 -1 -1 256 1 3
7 54 . 0 0 0 -1 -1 -1 256 1 3
7 55 . 0 0 0 -1 -1 -1 256 1 3
7 56 . 0 0 1 -1 -1 12 256 1 3
7 57 . 0 0 0 -1 -1 -1 256 1 3
7 58 . 0 0 0 -1 -1 -1 256 1 3
7 59 . 0 0 0 -1 -1 -1 256 1 3
7 60 . 0 0 0 -1 -1 -1 256 1 3
7 61 . 0 0 0 -1 -1 -1 256 1 3
7 62 # 0 0 0 -1 -1 -1 256 1 3
7 63 . 0 0 0 -1 -1 -1 256 1 3
7 64 . 0 0 0 -1 -1 -1 256 1 3
7 65 . 0 0 0 -1 -1 -1 256 1 3
7 66 # 0 0 0 -1 -1 -1 256 1 3
8 0 # 0 0 0 -1 -1 -1 256 1 3
8 1 . 0 0 0 -1 -1 -1 256 1 3
8 2 . 0 0 0 -1 -1 -1 256 1 3
8 3 # 0 0 0 -1 -1 -1 256 1 3
8 4 # 0 0 0 -1 -1 -1 256 1 3
8 5 # 0 0 0 -1 -1 -1 256 1 3
8 6 # 0 0 0 -1 -1 -1 256 1 3
8 7 # 0 0 0 -1 -1 -1 256 1 3
8 8 # 0 0 0 -1 -1 -1 256 1 3
8 9 # 0 0 0 -1 -1 -1 256 1 3
8 10 # 0 0 0 -1 -1 -1 256 1 3
8 11 # 0 0 0 -1 -1 -1 256 1 3
8 12 # 0 0 0 -1 -1 -1 256 1 3
8 13 # 0 0 0 -1 -1 -1 256 1 3
8 14 # 0 0 0 -1 -1 -1 256 1 3
8 15 # 0 0 0 -1 -1 -1 256 1 3
8 16 # 0 0 0 -1 -1 -1 256 1 3
8 17 # 0 0 0 -1 -1 -1 256 1 3
8 18 # 0 0 0 -1 -1 -1 256 1 3
8 19 # 0 0 0 -1 -1 -1 256 1 3
8 20 # 0 0 0 -1 -1 -1 256 1 3
8 21 # 0 0 0 -1 -1 -1 256 1 3
8 22 # 0 0 0 -1 -1 -1 256 1 3
8 23 # 0 0 0 -1 -1 -1 256 1 3
8 24 # 0 0 0 -1 -1 -1 256 1 3
8 25 # 0 0 0 -1 -1 -1 256 1 3
8 26 . 0 0 0 -1 -1 -1 256 1 3
8 27 . 0 0 0 -1 -1 -1 256 1 3
8 28 . 0 0 0 -1 -1 -1 256 1 3
8 29 . 0 0 0 -1 -1 -1 256 1 3
8 30 . 0 0 0 -1 -1 -1 256 1 3
8 31 . 0 0 0 -1 -1 -1 256 1 3
8 32 . 0 0 0 -1 -1 -1 256 1 3
8 33 . 0 0 0 -1 -1 -1 256 1 3
8 34 . 0 0 0 -1 -1 -1 256 1 3
8 35 . 0 0 0 -1 -1 -1 256 1 3
8 36 . 0 0 0 -1 -1 -1 256 1 3
8 37 . 0 0 0 -1 -1 -1 256 1 3
8 38 . 0 0 0 -1 -1 -1 256 1 3
8 39 . 0 0 0 -1 -1 -1 256 1 3
8 40 . 0 0 0 -1 -1 -1 256 1 3
8 41 . 0 0 0 -1 -1 -1 256 1 3
8 42 . 0 0 0 -1 -1 -1 256 1 3
8 43 . 0 0 0 -1 -1 -1 256 1 3
8 44 . 0 0 0 -1 -1 -1 256 1 3
8 45 . 0 0 0 -1 -1 -1 256 1 3
8 46 # 0 0 0 -1 -1 -1 256 1 3
8 47 . 0 0 0 -1 -1 -1 256 1 3
8 48 # 0 0 0 -1 -1 -1 256 1 3
8 49 # 0 0 0 -1 -1 -1 256 1 3
8 50 . 0 0 0 -1 -1 -1 256 1 3
8 51 . 0 0 1 -1 -1 10 256 1 3
8 52 . 0 0 0 -1 -1 -1 256 1 3
8 53 . 0 0 0 -1 -1 -1 256 1 3
8 54 . 0 0 0 -1 -1 -1 256 1 3
8 55 . 1 0 0 17 -1 -1 256 1 3
8 56 . 0 0 0 -1 -1 -1 256 1 3
8 57 . 0 0 1 -1 -1 20 256 1 3
8 58 . 0 0 0 -1 -1 -1 256 1 3
8 59 . 0 0 0 -1 -1 -1 256 1 3
8 60 . 0 0 0 -1 -1 -1 256 1 3
8 61 . 0 0 0 -1 -1 -1 256 1 3
8 62 # 0 0 0 -1 -1 -1 256 1 3
8 63 . 0 0 0 -1 -1 -1 256 1 3
8 64 . 0 0 0 -1 -1 -1 256 1 3
8 65 . 0 0 0 -1 -1 -1 256 1 3
8 66 # 0 0 0 -1 -1 -1 256 1 3
9 0 # 0 0 0 -1 -1 -1 256 1 3
9 1 . 0 0 0 -1 -1 -1 256 1 3
9 2 . 0 0 0 -1 -1 -1 256 1 3
9 3 . 0 0 0 -1 -1 -1 256 1 3
9 4 . 0 0 0 -1 -1 -1 256 1 3
9 5 . 0 0 0 -1 -1 -1 256 1 3
9 6 . 0 0 0 -1 -1 -1 256 1 3
9 7 . 0 0 0 -1 -1 -1 256 1 3
9 8 . 0 0 0 -1 -1 -1 256 1 3
9 9 . 0 0 0 -1 -1 -1 256 1 3
9 10 . 0 0 0 -1 -1 -1 256 1 3
9 11 . 0 0 0 -1 -1 -1 256 1 3
9 12 . 0 0 0 -1 -1 -1 256 1 3
9 13 . 0 0 0 -1 -1 -1 256 1 3
9 14 . 0 0 0 -1 -1 -1 256 1 3
9 15 . 0 0 0 -1 -1 -1 256 1 3
9 16 . 0 0 0 -1 -1 -1 256 1 3
9 17 . 0 0 0 -1 -1 -1 256 1 3
9 18 . 0 0 0 -1 -1 -1 256 1 3
9 19 . 0 0 0 -1 -1 -1 256 1 3
9 20 . 0 0 0 -1 -1 -1 256 1 3
9 21 . 0 0 0 -1 -1 -1 256 1 3
9 22 . 0 0 0 -1 -1 -1 256 1 3
9 23 . 0 0 0 -1 -1 -1 256 1 3
9 24 . 0 0 1 -1 -1 20 256 1 3
9 25 # 0 0 0 -1 -1 -1 256 1 3
9 26 # 0 0 0 -1 -1 -1 256 1 3
9 27 # 0 0 0 -1 -1 -1 256 1 3
9 28 # 0 0 0 -1 -1 -1 256 1 3
9 29 # 0 0 0 -1 -1 -1 256 1 3
9 30 # 0 0 0 -1 -1 -1 256 1 3
9 31 # 0 0 0 -1 -1 -1 256 1 3
9 32 # 0 0 0 -1 -1 -1 256 1 3
9 33 . 0 1 0 -1 2 -1 256 1 1
9 34 # 0 0 0 -1 -1 -1 256 1 3
9 35 # 0 0 0 -1 -1 -1 256 1 3
9 36 # 0 0 0 -1 -1 -1 256 1 3
9 37 # 0 0 0 -1 -1 -1 256 1 3
9 38 # 0 0 0 -1 -1 -1 256 1 3
9 39 # 0 0 0 -1 -1 -1 256 1 3
9 40 . 0 0 0 -1 -1 -1 256 1 3
9 41 . 0 0 0 -1 -1 -1 256 1 3
9 42 # 0 0 0 -1 -1 -1 256 1 3
9 43 . 0 0 0 -1 -1 -1 256 1 3
9 44 . 0 0 0 -1 -1 -1 256 1 3
9 45 . 0 0 0 -1 -1 -1 256 1 3
9 46 # 0 0 0 -1 -1 -1 256 1 3
9 47 . 0 0 0 -1 -1 -1 256 1 3
9 48 . 0 0 0 -1 -1 -1 256 1 3
9 49 # 0 0 0 -1 -1 -1 256 1 3
9 50 # 0 0 0 -1 -1 -1 256 1 3
9 51 . 0 0 0 -1 -1 -1 256 1 3
9 52 . 0 0 0 -1 -1 -1 256 1 3
9 53 . 0 0 0 -1 -1 -1 256 1 3
9 54 . 0 0 0 -1 -1 -1 256 1 3
9 55 . 0 0 0 -1 -1 -1 256 1 3
9 56 . 0 0 0 -1 -1 -1 256 1 3
9 57 . 0 0 0 -1 -1 -1 256 1 3
9 58 . 0 0 0 -1 -1 -1 256 1 3
9 59 . 0 0 1 -1 -1 48 256 1 3
9 60 . 0 0 0 -1 -1 -1 256 1 3
9 61 . 0 0 0 -1 -1 -1 256 1 3
9 62 # 0 0 0 -1 -1 -1 256 1 3
9 63 . 0 0 0 -1 -1 -1 256 1 3
9 64 . 0 0 0 -1 -1 -1 256 1 3
9 65 . 0 0 0 -1 -1 -1 256 1 3
9 66 # 0 0 0 -1 -1 -1 256 1 3
10 0 # 0 0 0 -1 -1 -1 256 1 3
10 1 . 0 0 0 -1 -1 -1 256 1 3
10 2 . 0 0 0 -1 -1 -1 256 1 3
10 3 . 0 0 0 -1 -1 -1 256 1 3
10 4 . 0 0 0 -1 -1 -1 256 1 3
10 5 . 0 0 0 -1 -1 -1 256 1 3
10 6 . 0 0 0 -1 -1 -1 256 1 3
10 7 . 0 0 0 -1 -1 -1 256 1 3
10 8 . 0 0 0 -1 -1 -1 256 1 3
10 9 . 0 0 0 -1 -1 -1 256 1 3
10 10 . 0 0 0 -1 -1 -1 256 1 3
10 11 . 0 0 0 -1 -1 -1 256 1 3
10 12 . 0 0 0 -1 -1 -1 256 1 3
10 13 . 0 0 0 -1 -1 -1 256 1 3
10 14 . 0 0 0 -1 -1 -1 256 1 3
10 15 . 0 0 0 -1 -1 -1 256 1 3
10 16 . 0 0 0 -1 -1 -1 256 1 3
10 17 . 1 0 0 7 -1 -1 256 1 3
10 18 . 0 0 0 -1 -1 -1 256 1 3
10 19 . 0 0 0 -1 -1 -1 256 1 3
10 20 . 0 0 0 -1 -1 -1 256 1 3
10 21 . 0 0 0 -1 -1 -1 256 1 3
10 22 . 0 0 0 -1 -1 -1 256 1 3
10 23 . 0 0 0 -1 -1 -1 256 1 3
10 24 . 0 0 0 -1 -1 -1 256 1 3
10 25 # 0 0 0 -1 -1 -1 256 1 3
10 26 # 0 0 0 -1 -1 -1 256 1 3
10 27 # 0 0 0 -1 -1 -1 256 1 3
10 28 # 0 0 0 -1 -1 -1 256 1 3
10 29 # 0 0 0 -1 -1 -1 256 1 3
10 30 # 0 0 0 -1 -1 -1 256 1 3
10 31 # 0 0 0 -1 -1 -1 256 1 3
10 32 # 0 0 0 -1 -1 -1 256 1 3
10 33 . 0 1 0 -1 2 -1 256 1 1
10 34 # 0 0 0 -1 -1 -1 256 1 3
10 35 # 0 0 0 -1 -1 -1 256 1 3
10 36 # 0 0 0 -1 -1 -1 256 1 3
10 37 # 0 0 0 -1 -1 -1 256 1 3
10 38 # 0 0 0 -1 -1 -1 256 1 3
10 39 # 0 0 0 -1 -1 -1 256 1 3
10 40 . 0 0 0 -1 -1 -1 256 1 3
10 41 . 0 0 0 -1 -1 -1 256 1 3
10 42 # 0 0 0 -1 -1 -1 256 1 3
10 43 . 0 0 0 -1 -1 -1 256 1 3
10 44 . 0 0 0 -1 -1 -1 256 1 3
10 45 . 0 0 0 -1 -1 -1 256 1 3
10 46 # 0 0 0 -1 -1 -1 256 1 3
10 47 . 0 0 0 -1 -1 -1 256 1 3
10 48 . 0 0 0 -1 -1 -1 256 1 3
10 49 # 0 0 0 -1 -1 -1 256 1 3
10 50 # 0 0 0 -1 -1 -1 256 1 3
10 51 . 0 0 0 -1 -1 -1 256 1 3
10 52 . 0 0 0 -1 -1 -1 256 1 3
10 53 . 0 0 0 -1 -1 -1 256 1 3
10 54 . 0 0 0 -1 -1 -1 256 1 3
10 55 . 0 0 0 -1 -1 -1 256 1 3
10 56 . 0 0 0 -1 -1 -1 256 1 3
10 57 . 0 0 0 -1 -1 -1 256 1 3
10 58 . 0 0 0 -1 -1 -1 256 1 3
10 59 . 0 0 0 -1 -1 -1 256 1 3
10 60 . 0 0 0 -1 -1 -1 256 1 3
10 61 . 0 0 0 -1 -1 -1 256 1 3
10 62 # 0 0 0 -1 -1 -1 256 1 3
10 63 . 0 0 0 -1 -1 -1 256 1 3
10 64 . 0 0 0 -1 -1 -1 256 1 3
10 65 . 0 0 0 -1 -1 -1 256 1 3
10 66 # 0 0 0 -1 -1 -1 256 1 3
11 0 # 0 0 0 -1 -1 -1 256 1 3
11 1 . 0 0 0 -1 -1 -1 256 1 3
11 2 . 0 0 0 -1 -1 -1 256 1 3
11 3 . 0 0 0 -1 -1 -1 256 1 3
11 4 # 0 0 0 -1 -1 -1 256 1 3
11 5 # 0 0 0 -1 -1 -1 256 1 3
11 6 # 0 0 0 -1 -1 -1 256 1 3
11 7 # 0 0 0 -1 -1 -1 256 1 3
11 8 # 0 0 0 -1 -1 -1 256 1 3
11 9 # 0 0 0 -1 -1 -1 256 1 3
11 10 # 0 0 0 -1 -1 -1 256 1 3
11 11 # 0 0 0 -1 -1 -1 256 1 3
11 12 # 0 0 0 -1 -1 -1 256 1 3
11 13 # 0 0 0 -1 -1 -1 256 1 3
11 14 # 0 0 0 -1 -1 -1 256 1 3
11 15 # 0 0 0 -1 -1 -1 256 1 3
11 16 # 0 0 0 -1 -1 -1 256 1 3
11 17 # 0 0 0 -1 -1 -1 256 1 3
11 18 # 0 0 0 -1 -1 -1 256 1 3
11 19 . 0 0 0 -1 -1 -1 256 1 3
11 20 # 0 0 0 -1 -1 -1 256 1 3
11 21 # 0 0 0 -1 -1 -1 256 1 3
11 22 . 0 0 0 -1 -1 -1 256 1 3
11 23 . 0 0 0 -1 -1 -1 256 1 3
11 24 # 0 0 0 -1 -1 -1 256 1 3
11 25 # 0 0 0 -1 -1 -1 256 1 3
11 26 . 0 0 0 -1 -1 -1 256 1 3
11 27 . 0 0 0 -1 -1 -1 256 1 3
11 28 . 0 0 0 -1 -1 -1 256 1 3
11 29 . 0 0 0 -1 -1 -1 256 1 3
11 30 . 0 0 0 -1 -1 -1 256 1 3
11 31 . 0 0 0 -1 -1 -1 256 1 3
11 32 . 0 0 0 -1 -1 -1 256 1 3
11 33 . 0 0 0 -1 -1 -1 256 1 3
11 34 . 0 0 0 -1 -1 -1 256 1 3
11 35 . 0 0 0 -1 -1 -1 256 1 3
11 36 . 0 0 0 -1 -1 -1 256 1 3
11 37 . 0 0 0 -1 -1 -1 256 1 3
11 38 . 0 0 0 -1 -1 -1 256 1 3
11 39 # 0 0 0 -1 -1 -1 256 1 3
11 40 . 0 0 1 -1 -1 24 256 1 3
11 41 . 0 0 0 -1 -1 -1 256 1 3
11 42 # 0 0 0 -1 -1 -1 256 1 3
11 43 . 0 0 0 -1 -1 -1 256 1 3
11 44 . 0 0 0 -1 -1 -1 256 1 3
11 45 . 0 0 0 -1 -1 -1 256 1 3
11 46 # 0 0 0 -1 -1 -1 256 1 3
11 47 . 0 0 0 -1 -1 -1 256 1 3
11 48 . 0 0 0 -1 -1 -1 256 1 3
11 49 . 0 0 0 -1 -1 -1 256 1 3
11 50 # 0 0 0 -1 -1 -1 256 1 3
11 51 # 0 0 0 -1 -1 -1 256 1 3
11 52 . 0 0 0 -1 -1 -1 256 1 3
11 53 . 0 0 0 -1 -1 -1 256 1 3
11 54 . 0 0 0 -1 -1 -1 256 1 3
11 55 . 0 0 0 -1 -1 -1 256 1 3
11 56 . 0 0 0 -1 -1 -1 256 1 3
11 57 . 0 0 1 -1 -1 18 256 1 3
11 58 # 0 0 0 -1 -1 -1 256 1 3
11 59 # 0 0 0 -1 -1 -1 256 1 3
11 60 # 0 0 0 -1 -1 -1 256 1 3
11 61 # 0 0 0 -1 -1 -1 256 1 3
11 62 # 0 0 0 -1 -1 -1 256 1 3
11 63 . 0 0 0 -1 -1 -1 256 1 3
11 64 . 0 0 0 -1 -1 -1 256 1 3
11 65 . 0 0 0 -1 -1 -1 256 1 3
11 66 # 0 0 0 -1 -1 -1 256 1 3
12 0 # 0 0 0 -1 -1 -1 256 1 3
12 1 . 0 0 0 -1 -1 -1 256 1 3
12 2 . 0 0 0 -1 -1 -1 256 1 3
12 3 . 0 0 0 -1 -1 -1 256 1 3
12 4 # 0 0 0 -1 -1 -1 256 1 3
12 5 # 0 0 0 -1 -1 -1 256 1 3
12 6 # 0 0 0 -1 -1 -1 256 1 3
12 7 # 0 0 0 -1 -1 -1 256 1 3
12 8 # 0 0 0 -1 -1 -1 256 1 3
12 9 # 0 0 0 -1 -1 -1 256 1 3
12 10 # 0 0 0 -1 -1 -1 256 1 3
12 11 # 0 0 0 -1 -1 -1 256 1 3
12 12 # 0 0 0 -1 -1 -1 256 1 3
12 13 # 0 0 0 -1 -1 -1 256 1 3
12 14 # 0 0 0 -1 -1 -1 256 1 3
12 15 # 0 0 0 -1 -1 -1 256 1 3
12 16 # 0 0 0 -1 -1 -1 256 1 3
12 17 # 0 0 0 -1 -1 -1 256 1 3
12 18 # 0 0 0 -1 -1 -1 256 1 3
12 19 . 0 0 0 -1 -1 -1 256 1 3
12 20 # 0 0 0 -1 -1 -1 256 1 3
12 21 # 0 0 0 -1 -1 -1 256 1 3
12 22 . 0 0 0 -1 -1 -1 256 1 3
12 23 . 0 0 0 -1 -1 -1 256 1 3
12 24 # 0 0 0 -1 -1 -1 256 1 3
12 25 # 0 0 0 -1 -1 -1 256 1 3
12 26 . 0 0 0 -1 -1 -1 256 1 3
12 27 . 0 0 0 -1 -1 -1 256 1 3
12 28 . 0 0 0 -1 -1 -1 256 1 3
12 29 . 0 0 0 -1 -1 -1 256 1 3
12 30 . 0 0 0 -1 -1 -1 256 1 3
12 31 . 0 0 0 -1 -1 -1 256 1 3
12 32 . 0 0 0 -1 -1 -1 256 1 3
12 33 . 0 0 0 -1 -1 -1 256 1 3
12 34 . 0 0 0 -1 -1 -1 256 1 3
12 35 . 0 0 0 -1 -1 -1 256 1 3
12 36 . 0 0 0 -1 -1 -1 256 1 3
12 37 . 0 0 0 -1 -1 -1 256 1 3
12 38 . 0 0 0 -1 -1 -1 256 1 3
12 39 # 0 0 0 -1 -1 -1 256 1 3
12 40 . 0 0 0 -1 -1 -1 256 1 3
12 41 . 0 0 0 -1 -1 -1 256 1 3
12 42 # 0 0 0 -1 -1 -1 256 1 3
12 43 . 0 0 0 -1 -1 -1 256 1 3
12 44 . 0 0 0 -1 -1 -1 256 1 3
12 45 . 0 0 0 -1 -1 -1 256 1 3
12 46 # 0 0 0 -1 -1 -1 256 1 3
12 47 . 0 0 0 -1 -1 -1 256 1 3
12 48 . 0 0 0 -1 -1 -1 256 1 3
12 49 . 0 0 0 -1 -1 -1 256 1 3
12 50 # 0 0 0 -1 -1 -1 256 1 3
12 51 # 0 0 0 -1 -1 -1 256 1 3
12 52 . 0 0 0 -1 -1 -1 256 1 3
12 53 . 0 0 0 -1 -1 -1 256 1 3
12 54 . 0 0 0 -1 -1 -1 256 1 3
12 55 . 0 0 0 -1 -1 -1 256 1 3
12 56 . 0 0 0 -1 -1 -1 256 1 3
12 57 . 0 0 0 -1 -1 -1 256 1 3
12 58 # 0 0 0 -1 -1 -1 256 1 3
12 59 # 0 0 0 -1 -1 -1 256 1 3
12 60 # 0 0 0 -1 -1 -1 256 1 3
12 61 # 0 0 0 -1 -1 -1 256 1 3
12 62 # 0 0 0 -1 -1 -1 256 1 3
12 63 . 0 0 0 -1 -1 -1 256 1 3
12 64 . 0 0 0 -1 -1 -1 256 1 3
12 65 . 0 0 0 -1 -1 -1 256 1 3
12 66 # 0 0 0 -1 -1 -1 256 1 3
13 0 # 0 0 0 -1 -1 -1 256 1 3
13 1 . 0 0 0 -1 -1 -1 256 1 3
13 2 . 0 0 0 -1 -1 -1 256 1 3
13 3 . 0 0 0 -1 -1 -1 256 1 3
13 4 # 0 0 0 -1 -1 -1 256 1 3
13 5 . 0 0 0 -1 -1 -1 10 1 3
13 6 . 0 0 0 -1 -1 -1 10 1 3
13 7 . 0 0 1 -1 -1 16 10 1 3
13 8 . 0 0 0 -1 -1 -1 10 1 3
13 9 . 0 0 0 -1 -1 -1 10 1 3
13 10 . 0 0 0 -1 -1 -1 10 1 3
13 11 . 0 0 0 -1 -1 -1 10 1 3
13 12 . 0 0 0 -1 -1 -1 10 1 3
13 13 . 0 0 0 -1 -1 -1 10 1 3
13 14 . 0 0 0 -1 -1 -1 10 1 3
13 15 . 0 0 0 -1 -1 -1 256 1 3
13 16 . 0 0 0 -1 -1 -1 256 1 3
13 17 . 1 0 0 1 -1 -1 256 1 3
13 18 # 0 0 0 -1 -1 -1 256 1 3
13 19 . 0 0 0 -1 -1 -1 256 1 3
13 20 # 0 0 0 -1 -1 -1 256 1 3
13 21 . 0 0 0 -1 -1 -1 256 1 3
13 22 . 0 0 0 -1 -1 -1 256 1 3
13 23 . 0 0 0 -1 -1 -1 256 1 3
13 24 . 0 0 1 -1 -1 6 256 1 3
13 25 # 0 0 0 -1 -1 -1 256 1 3
13 26 . 0 0 0 -1 -1 -1 256 1 3
13 27 . 0 0 0 -1 -1 -1 256 1 3
13 28 . 0 0 0 -1 -1 -1 256 1 3
13 29 . 0 0 0 -1 -1 -1 256 1 3
13 30 . 0 0 0 -1 -1 -1 256 1 3
13 31 . 0 0 0 -1 -1 -1 256 1 3
13 32 . 0 0 0 -1 -1 -1 256 1 3
13 33 . 0 0 0 -1 -1 -1 256 1 3
13 34 . 0 0 0 -1 -1 -1 256 1 3
13 35 . 0 0 0 -1 -1 -1 256 1 3
13 36 . 0 0 0 -1 -1 -1 256 1 3
13 37 . 0 0 0 -1 -1 -1 256 1 3
13 38 . 0 0 0 -1 -1 -1 256 1 3
13 39 # 0 0 0 -1 -1 -1 256 1 3
13 40 . 0 0 0 -1 -1 -1 256 1 3
13 41 . 0 0 0 -1 -1 -1 256 1 3
13 42 # 0 0 0 -1 -1 -1 256 1 3
13 43 . 0 0 0 -1 -1 -1 256 1 3
13 44 . 0 0 0 -1 -1 -1 256 1 3
13 45 . 0 0 0 -1 -1 -1 256 1 3
13 46 # 0 0 0 -1 -1 -1 256 1 3
13 47 . 0 0 0 -1 -1 -1 256 1 3
13 48 . 0 0 0 -1 -1 -1 256 1 3
13 49 . 0 0 0 -1 -1 -1 256 1 3
13 50 . 0 0 0 -1 -1 -1 256 1 3
13 51 # 0 0 0 -1 -1 -1 256 1 3
13 52 # 0 0 0 -1 -1 -1 256 1 3
13 53 # 0 0 0 -1 -1 -1 256 1 3
13 54 # 0 0 0 -1 -1 -1 256 1 3
13 55 # 0 0 0 -1 -1 -1 256 1 3
13 56 . 0 0 0 -1 -1 -1 256 1 3
13 57 . 0 0 0 -1 -1 -1 256 1 3
13 58 . 0 0 0 -1 -1 -1 256 1 3
13 59 . 0 0 0 -1 -1 -1 256 1 3
13 60 . 0 0 0 -1 -1 -1 256 1 3
13 61 . 1 0 0 10 -1 -1 256 1 3
13 62 # 0 0 0 -1 -1 -1 256 1 3
13 63 . 0 0 0 -1 -1 -1 256 1 3
13 64 . 0 0 0 -1 -1 -1 256 1 3
13 65 . 0 0 0 -1 -1 -1 256 1 3
13 66 # 0 0 0 -1 -1 -1 256 1 3
14 0 # 0 0 0 -1 -1 -1 256 1 3
14 1 . 0 0 0 -1 -1 -1 256 1 3
14 2 . 0 0 0 -1 -1 -1 256 1 3
14 3 . 0 0 0 -1 -1 -1 256 1 3
14 4 # 0 0 0 -1 -1 -1 256 1 3
14 5 . 0 0 0 -1 -1 -1 10 1 3
14 6 . 0 0 0 -1 -1 -1 9 1 3
14 7 . 0 0 0 -1 -1 -1 9 1 3
14 8 . 0 0 0 -1 -1 -1 9 1 3
14 9 . 0 0 0 -1 -1 -1 9 1 3
14 10 . 0 0 0 -1 -1 -1 9 1 3
14 11 . 0 0 0 -1 -1 -1 9 1 3
14 12 . 0 0 0 -1 -1 -1 9 1 3
14 13 . 0 0 0 -1 -1 -1 9 1 3
14 14 . 0 0 0 -1 -1 -1 10 1 3
14 15 . 0 0 0 -1 -1 -1 256 1 3
14 16 . 0 0 0 -1 -1 -1 256 1 3
14 17 . 0 0 0 -1 -1 -1 256 1 3
14 18 # 0 0 0 -1 -1 -1 256 1 3
14 19 . 0 0 0 -1 -1 -1 256 1 3
14 20 # 0 0 0 -1 -1 -1 256 1 3
14 21 . 0 0 0 -1 -1 -1 256 1 3
14 22 . 0 0 0 -1 -1 -1 256 1 3
14 23 . 0 0 0 -1 -1 -1 256 1 3
14 24 . 0 0 0 -1 -1 -1 256 1 3
14 25 # 0 0 0 -1 -1 -1 256 1 3
14 26 . 0 0 0 -1 -1 -1 256 1 3
14 27 . 0 0 0 -1 -1 -1 256 1 3
14 28 . 0 0 0 -1 -1 -1 256 1 3
14 29 . 0 0 0 -1 -1 -1 256 1 3
14 30 . 0 0 0 -1 -1 -1 256 1 3
14 31 . 0 0 0 -1 -1 -1 256 1 3
14 32 . 0 0 0 -1 -1 -1 256 1 3
14 33 . 0 0 0 -1 -1 -1 256 1 3
14 34 . 0 0 0 -1 -1 -1 256 1 3
14 35 . 0 0 0 -1 -1 -1 256 1 3
14 36 . 0 0 0 -1 -1 -1 256 1 3
14 37 . 0 0 0 -1 -1 -1 256 1 3
14 38 . 0 0 0 -1 -1 -1 256 1 3
14 39 # 0 0 0 -1 -1 -1 256 1 3
14 40 . 0 0 0 -1 -1 -1 256 1 3
14 41 . 0 0 0 -1 -1 -1 256 1 3
14 42 # 0 0 0 -1 -1 -1 256 1 3
14 43 . 0 0 0 -1 -1 -1 256 1 3
14 44 . 0 0 0 -1 -1 -1 256 1 3
14 45 . 0 0 0 -1 -1 -1 256 1 3
14 46 # 0 0 0 -1 -1 -1 256 1 3
14 47 . 0 0 0 -1 -1 -1 256 1 3
14 48 . 0 0 0 -1 -1 -1 256 1 3
14 49 . 0 0 0 -1 -1 -1 256 1 3
14 50 . 0 0 0 -1 -1 -1 256 1 3
14 51 # 0 0 0 -1 -1 -1 256 1 3
14 52 # 0 0 0 -1 -1 -1 256 1 3
14 53 # 0 0 0 -1 -1 -1 256 1 3
14 54 # 0 0 0 -1 -1 -1 256 1 3
14 55 # 0 0 0 -1 -1 -1 256 1 3
14 56 . 0 0 0 -1 -1 -1 256 1 3
14 57 . 0 0 0 -1 -1 -1 256 1 3
14 58 . 0 0 0 -1 -1 -1 256 1 3
14 59 . 0 0 0 -1 -1 -1 256 1 3
14 60 . 0 0 0 -1 -1 -1 256 1 3
14 61 . 0 0 0 -1 -1 -1 256 1 3
14 62 # 0 0 0 -1 -1 -1 256 1 3
14 63 . 0 0 0 -1 -1 -1 256 1 3
14 64 . 0 0 0 -1 -1 -1 256 1 3
14 65 . 0 0 0 -1 -1 -1 256 1 3
14 66 # 0 0 0 -1 -1 -1 256 1 3
15 0 # 0 0 0 -1 -1 -1 256 1 3
15 1 . 0 0 0 -1 -1 -1 256 1 3
15 2 . 0 0 0 -1 -1 -1 256 1 3
15 3 . 0 0 0 -1 -1 -1 256 1 3
15 4 # 0 0 0 -1 -1 -1 256 1 3
15 5 . 0 0 0 -1 -1 -1 10 1 3
15 6 . 0 0 0 -1 -1 -1 9 1 3
15 7 . 0 0 0 -1 -1 -1 8 1 3
15 8 . 0 0 0 -1 -1 -1 8 1 3
15 9 . 0 0 0 -1 -1 -1 8 1 3
15 10 . 0 0 0 -1 -1 -1 8 1 3
15 11 . 0 0 0 -1 -1 -1 8 1 3
15 12 . 0 0 0 -1 -1 -1 8 1 3
15 13 . 0 0 0 -1 -1 -1 9 1 3
15 14 . 0 0 0 -1 -1 -1 10 1 3
15 15 . 0 0 0 -1 -1 -1 256 1 3
15 16 . 0 0 0 -1 -1 -1 256 1 3
15 17 . 1 0 0 15 -1 -1 256 1 3
15 18 # 0 0 0 -1 -1 -1 256 1 3
15 19 . 0 0 0 -1 -1 -1 256 1 3
15 20 # 0 0 0 -1 -1 -1 256 1 3
15 21 . 0 0 0 -1 -1 -1 256 1 3
15 22 . 0 0 0 -1 -1 -1 256 1 3
15 23 . 1 0 0 0 -1 -1 256 1 3
15 24 . 1 0 0 8 -1 -1 256 1 3
15 25 # 0 0 0 -1 -1 -1 256 1 3
15 26 . 0 0 0 -1 -1 -1 256 1 3
15 27 . 0 0 0 -1 -1 -1 256 1 3
15 28 . 0 0 0 -1 -1 -1 256 1 3
15 29 # 0 0 0 -1 -1 -1 256 1 3
15 30 # 0 0 0 -1 -1 -1 256 1 3
15 31 # 0 0 0 -1 -1 -1 256 1 3
15 32 # 0 0 0 -1 -1 -1 256 1 3
15 33 # 0 0 0 -1 -1 -1 256 1 3
15 34 # 0 0 0 -1 -1 -1 256 1 3
15 35 # 0 0 0 -1 -1 -1 256 1 3
15 36 # 0 0 0 -1 -1 -1 256 1 3
15 37 # 0 0 0 -1 -1 -1 256 1 3
15 38 # 0 0 0 -1 -1 -1 256 1 3
15 39 # 0 0 0 -1 -1 -1 256 1 3
15 40 . 0 0 0 -1 -1 -1 256 1 3
15 41 . 0 0 0 -1 -1 -1 256 1 3
15 42 # 0 0 0 -1 -1 -1 256 1 3
15 43 . 0 0 0 -1 -1 -1 256 1 3
15 44 . 0 0 0 -1 -1 -1 256 1 3
15 45 . 0 0 0 -1 -1 -1 256 1 3
15 46 # 0 0 0 -1 -1 -1 256 1 3
15 47 . 0 0 0 -1 -1 -1 256 1 3
15 48 . 0 0 0 -1 -1 -1 256 1 3
15 49 . 0 0 0 -1 -1 -1 256 1 3
15 50 . 0 0 0 -1 -1 -1 256 1 3
15 51 . 0 0 0 -1 -1 -1 256 1 3
15 52 # 0 0 0 -1 -1 -1 256 1 3
15 53 # 0 0 0 -1 -1 -1 256 1 3
15 54 # 0 0 0 -1 -1 -1 256 1 3
15 55 # 0 0 0 -1 -1 -1 256 1 3
15 56 # 0 0 0 -1 -1 -1 256 1 3
15 57 # 0 0 0 -1 -1 -1 256 1 3
15 58 # 0 0 0 -1 -1 -1 256 1 3
15 59 # 0 0 0 -1 -1 -1 256 1 3
15 60 # 0 0 0 -1 -1 -1 256 1 3
15 61 . 0 0 0 -1 -1 -1 256 1 3
15 62 # 0 0 0 -1 -1 -1 256 1 3
15 63 . 0 0 0 -1 -1 -1 256 1 3
15 64 . 0 0 0 -1 -1 -1 256 1 3
15 65 . 0 0 0 -1 -1 -1 256 1 3
15 66 # 0 0 0 -1 -1 -1 256 1 3
16 0 # 0 0 0 -1 -1 -1 256 1 3
16 1 . 0 0 0 -1 -1 -1 256 1 3
16 2 . 0 0 0 -1 -1 -1 256 1 3
16 3 . 0 0 0 -1 -1 -1 256 1 3
16 4 # 0 0 0 -1 -1 -1 256 1 3
16 5 . 0 0 0 -1 -1 -1 10 1 3
16 6 . 0 0 0 -1 -1 -1 9 1 3
16 7 . 0 0 0 -1 -1 -1 8 1 3
16 8 . 0 0 0 -1 -1 -1 7 1 3
16 9 . 0 0 0 -1 -1 -1 7 1 3
16 10 . 0 0 0 -1 -1 -1 7 1 3
16 11 . 0 0 1 -1 -1 40 7 1 3
16 12 . 0 0 1 -1 -1 22 8 1 3
16 13 . 0 0 0 -1 -1 -1 9 1 3
16 14 . 0 0 0 -1 -1 -1 10 1 3
16 15 . 0 0 0 -1 -1 -1 256 1 3
16 16 . 0 0 0 -1 -1 -1 256 1 3
16 17 . 0 0 0 -1 -1 -1 256 1 3
16 18 # 0 0 0 -1 -1 -1 256 1 3
16 19 . 0 0 0 -1 -1 -1 256 1 3
16 20 # 0 0 0 -1 -1 -1 256 1 3
16 21 . 0 0 0 -1 -1 -1 256 1 3
16 22 . 0 0 0 -1 -1 -1 256 1 3
16 23 . 0 0 0 -1 -1 -1 256 1 3
16 24 . 0 0 0 -1 -1 -1 256 1 3
16 25 # 0 0 0 -1 -1 -1 256 1 3
16 26 . 0 0 0 -1 -1 -1 256 1 3
16 27 . 0 0 0 -1 -1 -1 256 1 3
16 28 . 0 0 0 -1 -1 -1 256 1 3
16 29 # 0 0 0 -1 -1 -1 256 1 3
16 30 # 0 0 0 -1 -1 -1 256 1 3
16 31 # 0 0 0 -1 -1 -1 256 1 3
16 32 # 0 0 0 -1 -1 -1 256 1 3
16 33 # 0 0 0 -1 -1 -1 256 1 3
16 34 # 0 0 0 -1 -1 -1 256 1 3
16 35 # 0 0 0 -1 -1 -1 256 1 3
16 36 # 0 0 0 -1 -1 -1 256 1 3
16 37 # 0 0 0 -1 -1 -1 256 1 3
16 38 # 0 0 0 -1 -1 -1 256 1 3
16 39 # 0 0 0 -1 -1 -1 256 1 3
16 40 . 0 0 0 -1 -1 -1 256 1 3
16 41 . 0 0 0 -1 -1 -1 256 1 3
16 42 # 0 0 0 -1 -1 -1 256 1 3
16 43 . 0 0 0 -1 -1 -1 256 1 3
16 44 . 0 0 0 -1 -1 -1 256 1 3
16 45 . 0 0 0 -1 -1 -1 256 1 3
16 46 # 0 0 0 -1 -1 -1 256 1 3
16 47 . 0 0 0 -1 -1 -1 256 1 3
16 48 . 0 0 0 -1 -1 -1 256 1 3
16 49 . 0 0 0 -1 -1 -1 256 1 3
16 50 . 0 0 0 -1 -1 -1 256 1 3
16 51 . 0 0 0 -1 -1 -1 256 1 3
16 52 # 0 0 0 -1 -1 -1 256 1 3
16 53 # 0 0 0 -1 -1 -1 256 1 3
16 54 # 0 0 0 -1 -1 -1 256 1 3
16 55 # 0 0 0 -1 -1 -1 256 1 3
16 56 # 0 0 0 -1 -1 -1 256 1 3
16 57 # 0 0 0 -1 -1 -1 256 1 3
16 58 # 0 0 0 -1 -1 -1 256 1 3
16 59 # 0 0 0 -1 -1 -1 256 1 3
16 60 # 0 0 0 -1 -1 -1 256 1 3
16 61 . 0 0 0 -1 -1 -1 256 1 3
16 62 # 0 0 0 -1 -1 -1 256 1 3
16 63 . 0 0 0 -1 -1 -1 256 1 3
16 64 . 0 0 0 -1 -1 -1 256 1 3
16 65 . 0 0 0 -1 -1 -1 256 1 3
16 66 # 0 0 0 -1 -1 -1 256 1 3
17 0 # 0 0 0 -1 -1 -1 256 1 3
17 1 . 0 0 0 -1 -1 -1 256 1 3
17 2 . 0 0 0 -1 -1 -1 256 1 3
17 3 . 0 0 0 -1 -1 -1 256 1 3
17 4 # 0 0 0 -1 -1 -1 256 1 3
17 5 # 0 0 0 -1 -1 -1 256 1 3
17 6 # 0 0 0 -1 -1 -1 256 1 3
17 7 # 0 0 0 -1 -1 -1 256 1 3
17 8 # 0 0 0 -1 -1 -1 256 1 3
17 9 . 0 0 0 -1 -1 -1 6 1 3
17 10 . 1 0 0 3 -1 -1 6 1 3
17 11 # 0 0 0 -1 -1 -1 256 1 3
17 12 # 0 0 0 -1 -1 -1 256 1 3
17 13 # 0 0 0 -1 -1 -1 256 1 3
17 14 # 0 0 0 -1 -1 -1 256 1 3
17 15 # 0 0 0 -1 -1 -1 256 1 3
17 16 # 0 0 0 -1 -1 -1 256 1 3
17 17 # 0 0 0 -1 -1 -1 256 1 3
17 18 # 0 0 0 -1 -1 -1 256 1 3
17 19 . 0 0 0 -1 -1 -1 256 1 3
17 20 # 0 0 0 -1 -1 -1 256 1 3
17 21 . 0 0 1 -1 -1 2 256 1 3
17 22 . 0 0 0 -1 -1 -1 256 1 3
17 23 . 0 0 0 -1 -1 -1 256 1 3
17 24 . 0 0 0 -1 -1 -1 256 1 3
17 25 # 0 0 0 -1 -1 -1 256 1 3
17 26 . 0 0 0 -1 -1 -1 256 1 3
17 27 . 0 0 0 -1 -1 -1 256 1 3
17 28 . 0 0 0 -1 -1 -1 256 1 3
17 29 # 0 0 0 -1 -1 -1 256 1 3
17 30 . 0 0 0 -1 -1 -1 256 1 3
17 31 . 0 0 0 -1 -1 -1 256 1 3
17 32 . 0 0 0 -1 -1 -1 256 1 3
17 33 . 0 0 0 -1 -1 -1 256 1 3
17 34 . 0 0 0 -1 -1 -1 256 1 3
17 35 . 0 0 0 -1 -1 -1 256 1 3
17 36 . 0 0 0 -1 -1 -1 256 1 3
17 37 . 0 0 0 -1 -1 -1 256 1 3
17 38 . 0 0 0 -1 -1 -1 256 1 3
17 39 # 0 0 0 -1 -1 -1 256 1 3
17 40 . 0 0 0 -1 -1 -1 256 1 3
17 41 . 0 0 0 -1 -1 -1 256 1 3
17 42 # 0 0 0 -1 -1 -1 256 1 3
17 43 . 0 0 0 -1 -1 -1 256 1 3
17 44 . 0 0 0 -1 -1 -1 256 1 3
17 45 . 0 0 0 -1 -1 -1 256 1 3
17 46 # 0 0 0 -1 -1 -1 256 1 3
17 47 . 0 0 0 -1 -1 -1 256 1 3
17 48 . 0 0 0 -1 -1 -1 256 1 3
17 49 . 0 0 0 -1 -1 -1 256 1 3
17 50 . 0 0 0 -1 -1 -1 256 1 3
17 51 . 0 0 0 -1 -1 -1 256 1 3
17 52 . 0 0 0 -1 -1 -1 256 1 3
17 53 # 0 0 0 -1 -1 -1 256 1 3
17 54 # 0 0 0 -1 -1 -1 256 1 3
17 55 . 0 0 0 -1 -1 -1 256 1 3
17 56 . 0 0 0 -1 -1 -1 256 1 3
17 57 . 0 0 0 -1 -1 -1 256 1 3
17 58 . 0 0 0 -1 -1 -1 256 1 3
17 59 . 0 0 0 -1 -1 -1 256 1 3
17 60 . 0 0 0 -1 -1 -1 256 1 3
17 61 . 0 0 0 -1 -1 -1 256 1 3
17 62 # 0 0 0 -1 -1 -1 256 1 3
17 63 . 0 0 0 -1 -1 -1 256 1 3
17 64 . 0 0 0 -1 -1 -1 256 1 3
17 65 . 0 0 0 -1 -1 -1 256 1 3
17 66 # 0 0 0 -1 -1 -1 256 1 3
18 0 # 0 0 0 -1 -1 -1 256 1 3
18 1 . 0 0 0 -1 -1 -1 256 1 3
18 2 . 0 0 0 -1 -1 -1 256 1 3
18 3 . 0 0 0 -1 -1 -1 256 1 3
18 4 # 0 0 0 -1 -1 -1 256 1 3
18 5 # 0 0 0 -1 -1 -1 256 1 3
18 6 # 0 0 0 -1 -1 -1 256 1 3
18 7 # 0 0 0 -1 -1 -1 256 1 3
18 8 # 0 0 0 -1 -1 -1 256 1 3
18 9 . 0 0 0 -1 -1 -1 5 1 3
18 10 . 0 0 0 -1 -1 -1 5 1 3
18 11 # 0 0 0 -1 -1 -1 256 1 3
18 12 # 0 0 0 -1 -1 -1 256 1 3
18 13 # 0 0 0 -1 -1 -1 256 1 3
18 14 # 0 0 0 -1 -1 -1 256 1 3
18 15 # 0 0 0 -1 -1 -1 256 1 3
18 16 # 0 0 0 -1 -1 -1 256 1 3
18 17 # 0 0 0 -1 -1 -1 256 1 3
18 18 # 0 0 0 -1 -1 -1 256 1 3
18 19 . 0 0 0 -1 -1 -1 256 1 3
18 20 # 0 0 0 -1 -1 -1 256 1 3
18 21 . 0 0 0 -1 -1 -1 256 1 3
18 22 . 0 0 0 -1 -1 -1 256 1 3
18 23 . 0 0 0 -1 -1 -1 256 1 3
18 24 . 0 0 0 -1 -1 -1 256 1 3
18 25 # 0 0 0 -1 -1 -1 256 1 3
18 26 . 0 0 0 -1 -1 -1 256 1 3
18 27 . 0 0 0 -1 -1 -1 256 1 3
18 28 . 0 0 0 -1 -1 -1 256 1 3
18 29 # 0 0 0 -1 -1 -1 256 1 3
18 30 . 0 0 0 -1 -1 -1 256 1 3
18 31 . 0 0 0 -1 -1 -1 256 1 3
18 32 . 0 0 0 -1 -1 -1 256 1 3
18 33 . 0 0 0 -1 -1 -1 256 1 3
18 34 . 0 0 0 -1 -1 -1 256 1 3
18 35 . 0 0 0 -1 -1 -1 256 1 3
18 36 . 0 0 0 -1 -1 -1 256 1 3
18 37 . 0 0 0 -1 -1 -1 256 1 3
18 38 . 0 0 0 -1 -1 -1 256 1 3
18 39 # 0 0 0 -1 -1 -1 256 1 3
18 40 . 0 0 0 -1 -1 -1 256 1 3
18 41 . 0 0 0 -1 -1 -1 256 1 3
18 42 # 0 0 0 -1 -1 -1 256 1 3
18 43 . 0 0 0 -1 -1 -1 256 1 3
18 44 . 0 0 0 -1 -1 -1 256 1 3
18 45 . 0 0 0 -1 -1 -1 256 1 3
18 46 # 0 0 0 -1 -1 -1 256 1 3
18 47 . 0 0 0 -1 -1 -1 256 1 3
18 48 . 0 0 0 -1 -1 -1 256 1 3
18 49 . 0 0 0 -1 -1 -1 256 1 3
18 50 . 0 0 0 -1 -1 -1 256 1 3
18 51 . 0 0 0 -1 -1 -1 256 1 3
18 52 . 0 0 0 -1 -1 -1 256 1 3
18 53 # 0 0 0 -1 -1 -1 256 1 3
18 54 # 0 0 0 -1 -1 -1 256 1 3
18 55 . 0 0 0 -1 -1 -1 256 1 3
18 56 . 0 0 0 -1 -1 -1 256 1 3
18 57 . 0 0 0 -1 -1 -1 256 1 3
18 58 . 0 0 0 -1 -1 -1 256 1 3
18 59 . 0 0 0 -1 -1 -1 256 1 3
18 60 . 0 0 0 -1 -1 -1 256 1 3
18 61 . 0 0 0 -1 -1 -1 256 1 3
18 62 # 0 0 0 -1 -1 -1 256 1 3
18 63 . 0 0 0 -1 -1 -1 256 1 3
18 64 . 0 0 0 -1 -1 -1 256 1 3
18 65 . 0 0 0 -1 -1 -1 256 1 3
18 66 # 0 0 0 -1 -1 -1 256 1 3
19 0 # 0 0 0 -1 -1 -1 256 1 3
19 1 . 0 0 0 -1 -1 -1 256 1 3
19 2 . 0 0 0 -1 -1 -1 256 1 3
19 3 . 0 0 0 -1 -1 -1 256 1 3
19 4 . 0 0 0 -1 -1 -1 256 1 3
19 5 . 0 0 0 -1 -1 -1 256 1 3
19 6 . 0 0 0 -1 -1 -1 256 1 3
19 7 . 0 0 0 -1 -1 -1 256 1 3
19 8 # 0 0 0 -1 -1 -1 256 1 3
19 9 . 0 0 0 -1 -1 -1 4 1 3
19 10 . 0 0 0 -1 -1 40 4 1 3
19 11 # 0 0 0 -1 -1 -1 256 1 3
19 12 . 1 0 0 12 -1 -1 256 1 3
19 13 . 0 0 0 -1 -1 -1 256 1 3
19 14 . 0 0 0 -1 -1 -1 256 1 3
19 15 . 0 0 0 -1 -1 -1 256 1 3
19 16 . 0 0 0 -1 -1 -1 256 1 3
19 17 . 0 0 0 -1 -1 -1 256 1 3
19 18 # 0 0 0 -1 -1 -1 256 1 3
19 19 . 0 0 0 -1 -1 -1 256 1 3
19 20 # 0 0 0 -1 -1 -1 256 1 3
19 21 # 0 0 0 -1 -1 -1 256 1 3
19 22 # 0 0 0 -1 -1 -1 256 1 3
19 23 # 0 0 0 -1 -1 -1 256 1 3
19 24 # 0 0 0 -1 -1 -1 256 1 3
19 25 # 0 0 0 -1 -1 -1 256 1 3
19 26 # 0 0 0 -1 -1 -1 256 1 3
19 27 # 0 0 0 -1 -1 -1 256 1 3
19 28 # 0 0 0 -1 -1 -1 256 1 3
19 29 # 0 0 0 -1 -1 -1 256 1 3
19 30 . 0 0 0 -1 -1 -1 256 1 3
19 31 . 0 0 0 -1 -1 -1 256 1 3
19 32 # 0 0 0 -1 -1 -1 256 1 3
19 33 # 0 0 0 -1 -1 -1 256 1 3
19 34 # 0 0 0 -1 -1 -1 256 1 3
19 35 # 0 0 0 -1 -1 -1 256 1 3
19 36 # 0 0 0 -1 -1 -1 256 1 3
19 37 # 0 0 0 -1 -1 -1 256 1 3
19 38 # 0 0 0 -1 -1 -1 256 1 3
19 39 # 0 0 0 -1 -1 -1 256 1 3
19 40 . 0 0 0 -1 -1 -1 256 1 3
19 41 . 0 0 0 -1 -1 -1 256 1 3
19 42 # 0 0 0 -1 -1 -1 256 1 3
19 43 # 0 0 0 -1 -1 -1 256 1 3
19 44 # 0 0 0 -1 -1 -1 256 1 3
19 45 # 0 0 0 -1 -1 -1 256 1 3
19 46 # 0 0 0 -1 -1 -1 256 1 3
19 47 # 0 0 0 -1 -1 -1 256 1 3
19 48 # 0 0 0 -1 -1 -1 256 1 3
19 49 # 0 0 0 -1 -1 -1 256 1 3
19 50 . 0 1 0 -1 2 -1 256 1 1
19 51 . 0 0 0 -1 -1 -1 256 1 3
19 52 # 0 0 0 -1 -1 -1 256 1 3
19 53 # 0 0 0 -1 -1 -1 256 1 3
19 54 # 0 0 0 -1 -1 -1 256 1 3
19 55 # 0 0 0 -1 -1 -1 256 1 3
19 56 . 0 0 0 -1 -1 -1 256 1 3
19 57 # 0 0 0 -1 -1 -1 256 1 3
19 58 # 0 0 0 -1 -1 -1 256 1 3
19 59 # 0 0 0 -1 -1 -1 256 1 3
19 60 # 0 0 0 -1 -1 -1 256 1 3
19 61 # 0 0 0 -1 -1 -1 256 1 3
19 62 # 0 0 0 -1 -1 -1 256 1 3
19 63 . 0 0 0 -1 -1 -1 256 1 3
19 64 . 0 0 0 -1 -1 -1 256 1 3
19 65 . 0 0 0 -1 -1 -1 256 1 3
19 66 # 0 0 0 -1 -1 -1 256 1 3
20 0 # 0 0 0 -1 -1 -1 256 1 3
20 1 . 0 0 0 -1 -1 -1 256 1 3
20 2 . 0 0 0 -1 -1 -1 256 1 3
20 3 . 0 0 0 -1 -1 -1 256 1 3
20 4 . 0 0 0 -1 -1 -1 256 1 3
20 5 . 0 0 0 -1 -1 -1 256 1 3
20 6 . 0 0 0 -1 -1 -1 256 1 3
20 7 . 0 0 0 -1 -1 -1 256 1 3
20 8 # 0 0 0 -1 -1 -1 256 1 3
20 9 . 0 0 0 -1 -1 -1 3 1 3
20 10 . 0 0 0 -1 -1 -1 3 1 3
20 11 # 0 0 0 -1 -1 -1 256 1 3
20 12 . 0 0 0 -1 -1 -1 256 1 3
20 13 . 0 0 0 -1 -1 -1 256 1 3
20 14 . 0 0 0 -1 -1 -1 256 1 3
20 15 . 0 0 0 -1 -1 -1 256 1 3
20 16 . 0 0 0 -1 -1 -1 256 1 3
20 17 . 0 0 0 -1 -1 -1 256 1 3
20 18 # 0 0 0 -1 -1 -1 256 1 3
20 19 . 0 0 0 -1 -1 -1 256 1 3
20 20 # 0 0 0 -1 -1 -1 256 1 3
20 21 # 0 0 0 -1 -1 -1 256 1 3
20 22 # 0 0 0 -1 -1 -1 256 1 3
20 23 # 0 0 0 -1 -1 -1 256 1 3
20 24 # 0 0 0 -1 -1 -1 256 1 3
20 25 # 0 0 0 -1 -1 -1 256 1 3
20 26 # 0 0 0 -1 -1 -1 256 1 3
20 27 # 0 0 0 -1 -1 -1 256 1 3
20 28 # 0 0 0 -1 -1 -1 256 1 3
20 29 # 0 0 0 -1 -1 -1 256 1 3
20 30 . 0 0 0 -1 -1 -1 256 1 3
20 31 . 0 0 0 -1 -1 -1 256 1 3
20 32 # 0 0 0 -1 -1 -1 256 1 3
20 33 # 0 0 0 -1 -1 -1 256 1 3
20 34 # 0 0 0 -1 -1 -1 256 1 3
20 35 # 0 0 0 -1 -1 -1 256 1 3
20 36 # 0 0 0 -1 -1 -1 256 1 3
20 37 # 0 0 0 -1 -1 -1 256 1 3
20 38 # 0 0 0 -1 -1 -1 256 1 3
20 39 # 0 0 0 -1 -1 -1 256 1 3
20 40 . 0 0 0 -1 -1 -1 256 1 3
20 41 . 0 0 0 -1 -1 -1 256 1 3
20 42 # 0 0 0 -1 -1 -1 256 1 3
20 43 # 0 0 0 -1 -1 -1 256 1 3
20 44 # 0 0 0 -1 -1 -1 256 1 3
20 45 # 0 0 0 -1 -1 -1 256 1 3
20 46 # 0 0 0 -1 -1 -1 256 1 3
20 47 # 0 0 0 -1 -1 -1 256 1 3
20 48 # 0 0 0 -1 -1 -1 256 1 3
20 49 # 0 0 0 -1 -1 -1 256 1 3
20 50 . 0 1 0 -1 2 -1 256 1 1
20 51 . 0 0 0 -1 -1 -1 256 1 3
20 52 # 0 0 0 -1 -1 -1 256 1 3
20 53 # 0 0 0 -1 -1 -1 256 1 3
20 54 # 0 0 0 -1 -1 -1 256 1 3
20 55 # 0 0 0 -1 -1 -1 256 1 3
20 56 . 0 0 0 -1 -1 -1 256 1 3
20 57 # 0 0 0 -1 -1 -1 256 1 3
20 58 # 0 0 0 -1 -1 -1 256 1 3
20 59 # 0 0 0 -1 -1 -1 256 1 3
20 60 # 0 0 0 -1 -1 -1 256 1 3
20 61 # 0 0 0 -1 -1 -1 256 1 3
20 62 # 0 0 0 -1 -1 -1 256 1 3
20 63 . 0 0 0 -1 -1 -1 256 1 3
20 64 . 0 0 0 -1 -1 -1 256 1 3
20 65 . 0 0 0 -1 -1 -1 256 1 3
20 66 # 0 0 0 -1 -1 -1 256 1 3
21 0 # 0 0 0 -1 -1 -1 256 1 3
21 1 . 0 0 0 -1 -1 -1 256 1 3
21 2 . 0 0 0 -1 -1 -1 256 1 3
21 3 . 0 0 0 -1 -1 -1 256 1 3
21 4 . 0 0 0 -1 -1 -1 256 1 3
21 5 . 0 0 0 -1 -1 -1 256 1 3
21 6 . 0 0 0 -1 -1 -1 256 1 3
21 7 . 0 0 0 -1 -1 -1 256 1 3
21 8 # 0 0 0 -1 -1 -1 256 1 3
21 9 . 0 0 0 -1 -1 -1 2 1 3
21 10 . 0 0 0 -1 -1 -1 2 1 3
21 11 # 0 0 0 -1 -1 -1 256 1 3
21 12 . 0 0 0 -1 -1 -1 256 1 3
21 13 . 0 0 0 -1 -1 -1 256 1 3
21 14 . 0 0 0 -1 -1 -1 256 1 3
21 15 . 0 0 0 -1 -1 -1 256 1 3
21 16 . 0 0 0 -1 -1 -1 256 1 3
21 17 . 0 0 0 -1 -1 -1 256 1 3
21 18 # 0 0 0 -1 -1 -1 256 1 3
21 19 . 0 0 0 -1 -1 -1 256 1 3
21 20 # 0 0 0 -1 -1 -1 256 1 3
21 21 . 0 0 0 -1 -1 -1 256 1 3
21 22 . 0 0 0 -1 -1 -1 256 1 3
21 23 . 0 0 0 -1 -1 -1 256 1 3
21 24 . 0 0 0 -1 -1 -1 256 1 3
21 25 . 0 0 0 -1 -1 -1 256 1 3
21 26 . 0 0 0 -1 -1 -1 256 1 3
21 27 . 0 0 0 -1 -1 -1 256 1 3
21 28 . 0 0 0 -1 -1 -1 256 1 3
21 29 # 0 0 0 -1 -1 -1 256 1 3
21 30 . 0 0 0 -1 -1 -1 256 1 3
21 31 . 0 0 0 -1 -1 -1 256 1 3
21 32 # 0 0 0 -1 -1 -1 256 1 3
21 33 . 0 0 0 -1 -1 -1 256 1 3
21 34 . 0 0 0 -1 -1 -1 256 1 3
21 35 . 0 0 0 -1 -1 -1 256 1 3
21 36 . 0 0 0 -1 -1 -1 256 1 3
21 37 . 0 0 0 -1 -1 -1 256 1 3
21 38 . 0 0 0 -1 -1 -1 256 1 3
21 39 . 0 0 0 -1 -1 -1 256 1 3
21 40 . 0 0 0 -1 -1 -1 256 1 3
21 41 . 0 0 0 -1 -1 -1 256 1 3
21 42 . 0 0 0 -1 -1 -1 256 1 3
21 43 . 0 0 0 -1 -1 -1 256 1 3
21 44 . 0 0 0 -1 -1 -1 256 1 3
21 45 . 0 0 0 -1 -1 -1 256 1 3
21 46 # 0 0 0 -1 -1 -1 256 1 3
21 47 . 0 0 0 -1 -1 -1 256 1 3
21 48 . 0 0 0 -1 -1 -1 256 1 3
21 49 . 0 0 0 -1 -1 -1 256 1 3
21 50 . 0 0 0 -1 -1 -1 256 1 3
21 51 . 0 0 0 -1 -1 -1 256 1 3
21 52 # 0 0 0 -1 -1 -1 256 1 3
21 53 . 0 0 0 -1 -1 -1 256 1 3
21 54 . 0 0 0 -1 -1 -1 256 1 3
21 55 # 0 0 0 -1 -1 -1 256 1 3
21 56 # 0 0 0 -1 -1 -1 256 1 3
21 57 . 0 0 0 -1 -1 -1 256 1 3
21 58 . 0 0 0 -1 -1 -1 256 1 3
21 59 . 0 0 0 -1 -1 -1 256 1 3
21 60 . 0 0 0 -1 -1 12 256 1 3
21 61 . 0 0 0 -1 -1 -1 256 1 3
21 62 # 0 0 0 -1 -1 -1 256 1 3
21 63 . 0 0 0 -1 -1 -1 256 1 3
21 64 . 0 0 0 -1 -1 -1 256 1 3
21 65 . 0 0 0 -1 -1 -1 256 1 3
21 66 # 0 0 0 -1 -1 -1 256 1 3
22 0 # 0 0 0 -1 -1 -1 256 1 3
22 1 . 0 0 0 -1 -1 -1 256 1 3
22 2 . 0 0 0 -1 -1 -1 256 1 3
22 3 . 0 0 0 -1 -1 -1 256 1 3
22 4 . 0 0 0 -1 -1 -1 256 1 3
22 5 . 0 0 0 -1 -1 -1 256 1 3
22 6 . 0 0 0 -1 -1 -1 256 1 3
22 7 . 0 0 0 -1 -1 -1 256 1 3
22 8 # 0 0 0 -1 -1 -1 256 1 3
22 9 . 0 0 0 -1 -1 -1 1 1 3
22 10 . 0 0 0 -1 -1 -1 1 1 3
22 11 # 0 0 0 -1 -1 -1 256 1 3
22 12 . 0 0 0 -1 -1 -1 256 1 3
22 13 . 0 0 0 -1 -1 -1 256 1 3
22 14 . 0 0 0 -1 -1 -1 256 1 3
22 15 . 0 0 0 -1 -1 -1 256 1 3
22 16 . 0 0 0 -1 -1 -1 256 1 3
22 17 . 0 0 0 -1 -1 -1 256 1 3
22 18 # 0 0 0 -1 -1 -1 256 1 3
22 19 . 0 0 0 -1 -1 -1 256 1 3
22 20 # 0 0 0 -1 -1 -1 256 1 3
22 21 . 0 0 0 -1 -1 -1 256 1 3
22 22 . 0 0 0 -1 -1 -1 256 1 3
22 23 . 0 0 0 -1 -1 -1 256 1 3
22 24 . 0 0 0 -1 -1 -1 256 1 3
22 25 . 0 0 0 -1 -1 -1 256 1 3
22 26 . 0 0 0 -1 -1 -1 256 1 3
22 27 . 0 0 0 -1 -1 -1 256 1 3
22 28 . 0 0 0 -1 -1 -1 256 1 3
22 29 # 0 0 0 -1 -1 -1 256 1 3
22 30 . 0 0 0 -1 -1 -1 256 1 3
22 31 . 0 0 0 -1 -1 -1 256 1 3
22 32 # 0 0 0 -1 -1 -1 256 1 3
22 33 . 0 0 0 -1 -1 -1 256 1 3
22 34 . 0 0 0 -1 -1 -1 256 1 3
22 35 . 0 0 0 -1 -1 -1 256 1 3
22 36 . 0 0 0 -1 -1 -1 256 1 3
22 37 . 0 0 0 -1 -1 -1 256 1 3
22 38 . 0 0 0 -1 -1 -1 256 1 3
22 39 . 0 0 0 -1 -1 -1 256 1 3
22 40 . 0 0 0 -1 -1 -1 256 1 3
22 41 . 0 0 0 -1 -1 -1 256 1 3
22 42 . 0 0 0 -1 -1 -1 256 1 3
22 43 . 0 0 0 -1 -1 -1 256 1 3
22 44 . 0 0 0 -1 -1 -1 256 1 3
22 45 . 0 0 0 -1 -1 -1 256 1 3
22 46 # 0 0 0 -1 -1 -1 256 1 3
22 47 . 0 0 0 -1 -1 -1 256 1 3
22 48 . 0 0 0 -1 -1 -1 256 1 3
22 49 . 0 0 0 -1 -1 -1 256 1 3
22 50 . 0 0 0 -1 -1 -1 256 1 3
22 51 . 0 0 0 -1 -1 -1 256 1 3
22 52 # 0 0 0 -1 -1 -1 256 1 3
22 53 . 0 0 0 -1 -1 -1 256 1 3
22 54 . 0 0 0 -1 -1 -1 256 1 3
22 55 # 0 0 0 -1 -1 -1 256 1 3
22 56 # 0 0 0 -1 -1 -1 256 1 3
22 57 . 0 0 0 -1 -1 -1 256 1 3
22 58 . 0 0 0 -1 -1 -1 256 1 3
22 59 . 0 0 0 -1 -1 -1 256 1 3
22 60 . 0 0 0 -1 -1 -1 256 1 3
22 61 . 0 0 0 -1 -1 -1 256 1 3
22 62 # 0 0 0 -1 -1 -1 256 1 3
22 63 . 0 0 0 -1 -1 -1 256 1 3
22 64 . 0 0 0 -1 -1 -1 256 1 3
22 65 . 0 0 0 -1 -1 -1 256 1 3
22 66 # 0 0 0 -1 -1 -1 256 1 3
23 0 # 0 0 0 -1 -1 -1 256 1 3
23 1 . 0 0 0 -1 -1 -1 256 1 3
23 2 . 0 0 0 -1 -1 -1 256 1 3
23 3 . 0 0 0 -1 -1 -1 256 1 3
23 4 # 0 0 0 -1 -1 -1 256 1 3
23 5 # 0 0 0 -1 -1 -1 256 1 3
23 6 # 0 0 0 -1 -1 -1 256 1 3
23 7 # 0 0 0 -1 -1 -1 256 1 3
23 8 # 0 0 0 -1 -1 -1 256 1 3
23 9 . 0 1 0 -1 11 -1 1 1 3
23 10 . 0 0 0 -1 -1 -1 1 1 3
23 11 # 0 0 0 -1 -1 -1 256 1 3
23 12 . 0 0 0 -1 -1 -1 256 1 3
23 13 # 0 0 0 -1 -1 -1 256 1 3
23 14 # 0 0 0 -1 -1 -1 256 1 3
23 15 # 0 0 0 -1 -1 -1 256 1 3
23 16 # 0 0 0 -1 -1 -1 256 1 3
23 17 # 0 0 0 -1 -1 -1 256 1 3
23 18 # 0 0 0 -1 -1 -1 256 1 3
23 19 . 0 0 0 -1 -1 -1 256 1 3
23 20 # 0 0 0 -1 -1 -1 256 1 3
23 21 . 0 0 0 -1 -1 -1 256 1 3
23 22 . 0 0 0 -1 -1 -1 256 1 3
23 23 . 0 0 0 -1 -1 -1 256 1 3
23 24 . 0 0 0 -1 -1 -1 256 1 3
23 25 . 0 0 0 -1 -1 -1 256 1 3
23 26 . 0 0 0 -1 -1 -1 256 1 3
23 27 . 0 0 0 -1 -1 -1 256 1 3
23 28 . 0 0 0 -1 -1 -1 256 1 3
23 29 # 0 0 0 -1 -1 -1 256 1 3
23 30 . 0 0 0 -1 -1 -1 256 1 3
23 31 . 0 0 0 -1 -1 -1 256 1 3
23 32 # 0 0 0 -1 -1 -1 256 1 3
23 33 . 0 0 0 -1 -1 -1 256 1 3
23 34 . 0 0 0 -1 -1 -1 256 1 3
23 35 # 0 0 0 -1 -1 -1 256 1 3
23 36 # 0 0 0 -1 -1 -1 256 1 3
23 37 # 0 0 0 -1 -1 -1 256 1 3
23 38 # 0 0 0 -1 -1 -1 256 1 3
23 39 # 0 0 0 -1 -1 -1 256 1 3
23 40 # 0 0 0 -1 -1 -1 256 1 3
23 41 # 0 0 0 -1 -1 -1 256 1 3
23 42 # 0 0 0 -1 -1 -1 256 1 3
23 43 # 0 0 0 -1 -1 -1 256 1 3
23 44 . 0 0 0 -1 -1 -1 256 1 3
23 45 . 0 0 0 -1 -1 -1 256 1 3
23 46 # 0 0 0 -1 -1 -1 256 1 3
23 47 . 0 0 0 -1 -1 -1 256 1 3
23 48 . 0 0 0 -1 -1 -1 256 1 3
23 49 . 0 0 0 -1 -1 -1 256 1 3
23 50 . 0 0 0 -1 -1 -1 256 1 3
23 51 . 0 0 0 -1 -1 -1 256 1 3
23 52 # 0 0 0 -1 -1 -1 256 1 3
23 53 . 0 0 0 -1 -1 -1 256 1 3
23 54 . 0 0 0 -1 -1 -1 256 1 3
23 55 . 0 0 0 -1 -1 -1 256 1 3
23 56 # 0 0 0 -1 -1 -1 256 1 3
23 57 # 0 0 0 -1 -1 -1 256 1 3
23 58 # 0 0 0 -1 -1 -1 256 1 3
23 59 # 0 0 0 -1 -1 -1 256 1 3
23 60 # 0 0 0 -1 -1 -1 256 1 3
23 61 . 0 1 0 -1 2 -1 256 1 1
23 62 # 0 0 0 -1 -1 -1 256 1 3
23 63 . 0 0 0 -1 -1 -1 256 1 3
23 64 . 0 0 0 -1 -1 -1 256 1 3
23 65 . 0 0 0 -1 -1 -1 256 1 3
23 66 # 0 0 0 -1 -1 -1 256 1 3
24 0 # 0 0 0 -1 -1 -1 256 1 3
24 1 . 0 0 0 -1 -1 -1 256 1 3
24 2 . 0 0 0 -1 -1 -1 256 1 3
24 3 . 0 0 0 -1 -1 -1 256 1 3
24 4 # 0 0 0 -1 -1 -1 256 1 3
24 5 # 0 0 0 -1 -1 -1 256 1 3
24 6 # 0 0 0 -1 -1 -1 256 1 3
24 7 # 0 0 0 -1 -1 -1 256 1 3
24 8 # 0 0 0 -1 -1 -1 256 1 3
24 9 . 0 0 0 -1 -1 -1 1 1 3
24 10 . 0 0 0 -1 -1 -1 1 1 3
24 11 # 0 0 0 -1 -1 -1 256 1 3
24 12 . 0 0 0 -1 -1 -1 256 1 3
24 13 # 0 0 0 -1 -1 -1 256 1 3
24 14 # 0 0 0 -1 -1 -1 256 1 3
24 15 # 0 0 0 -1 -1 -1 256 1 3
24 16 # 0 0 0 -1 -1 -1 256 1 3
24 17 # 0 0 0 -1 -1 -1 256 1 3
24 18 # 0 0 0 -1 -1 -1 256 1 3
24 19 . 0 0 0 -1 -1 -1 256 1 3
24 20 # 0 0 0 -1 -1 -1 256 1 3
24 21 . 0 0 0 -1 -1 -1 256 1 3
24 22 . 0 0 0 -1 -1 -1 256 1 3
24 23 . 0 0 0 -1 -1 -1 256 1 3
24 24 . 0 0 0 -1 -1 -1 256 1 3
24 25 . 0 0 0 -1 -1 -1 256 1 3
24 26 . 0 0 0 -1 -1 -1 256 1 3
24 27 . 0 0 0 -1 -1 -1 256 1 3
24 28 . 0 0 0 -1 -1 -1 256 1 3
24 29 # 0 0 0 -1 -1 -1 256 1 3
24 30 . 0 0 0 -1 -1 -1 256 1 3
24 31 . 0 0 0 -1 -1 -1 256 1 3
24 32 # 0 0 0 -1 -1 -1 256 1 3
24 33 . 0 0 0 -1 -1 -1 256 1 3
24 34 . 0 0 0 -1 -1 -1 256 1 3
24 35 # 0 0 0 -1 -1 -1 256 1 3
24 36 # 0 0 0 -1 -1 -1 256 1 3
24 37 # 0 0 0 -1 -1 -1 256 1 3
24 38 # 0 0 0 -1 -1 -1 256 1 3
24 39 # 0 0 0 -1 -1 -1 256 1 3
24 40 # 0 0 0 -1 -1 -1 256 1 3
24 41 # 0 0 0 -1 -1 -1 256 1 3
24 42 # 0 0 0 -1 -1 -1 256 1 3
24 43 # 0 0 0 -1 -1 -1 256 1 3
24 44 . 0 0 0 -1 -1 -1 256 1 3
24 45 . 0 0 0 -1 -1 -1 256 1 3
24 46 # 0 0 0 -1 -1 -1 256 1 3
24 47 . 0 0 0 -1 -1 -1 256 1 3
24 48 . 0 0 0 -1 -1 -1 256 1 3
24 49 . 0 0 0 -1 -1 -1 256 1 3
24 50 . 0 0 0 -1 -1 -1 256 1 3
24 51 . 0 0 0 -1 -1 -1 256 1 3
24 52 # 0 0 0 -1 -1 -1 256 1 3
24 53 . 0 0 0 -1 -1 -1 256 1 3
24 54 . 0 0 0 -1 -1 -1 256 1 3
24 55 . 0 0 0 -1 -1 -1 256 1 3
24 56 # 0 0 0 -1 -1 -1 256 1 3
24 57 # 0 0 0 -1 -1 -1 256 1 3
24 58 # 0 0 0 -1 -1 -1 256 1 3
24 59 # 0 0 0 -1 -1 -1 256 1 3
24 60 # 0 0 0 -1 -1 -1 256 1 3
24 61 . 0 1 0 -1 2 -1 256 1 1
24 62 # 0 0 0 -1 -1 -1 256 1 3
24 63 . 0 0 0 -1 -1 -1 256 1 3
24 64 . 0 0 0 -1 -1 -1 256 1 3
24 65 . 0 0 0 -1 -1 -1 256 1 3
24 66 # 0 0 0 -1 -1 -1 256 1 3
25 0 # 0 0 0 -1 -1 -1 256 1 3
25 1 . 0 0 0 -1 -1 -1 256 1 3
25 2 . 0 0 0 -1 -1 -1 256 1 3
25 3 . 0 0 0 -1 -1 -1 256 1 3
25 4 # 0 0 0 -1 -1 -1 256 1 3
25 5 . 0 0 0 -1 -1 -1 5 1 3
25 6 . 0 0 0 -1 -1 -1 4 1 3
25 7 . 0 0 0 -1 -1 -1 3 1 3
25 8 . 0 0 0 -1 -1 -1 2 1 3
25 9 . 0 0 0 -1 -1 -1 2 1 3
25 10 # 0 0 0 -1 -1 -1 256 1 3
25 11 # 0 0 0 -1 -1 -1 256 1 3
25 12 . 0 0 0 -1 -1 -1 256 1 3
25 13 # 0 0 0 -1 -1 -1 256 1 3
25 14 . 0 0 0 -1 -1 -1 256 1 3
25 15 . 0 0 0 -1 -1 -1 256 1 3
25 16 . 0 0 0 -1 -1 -1 256 1 3
25 17 . 0 0 0 -1 -1 -1 256 1 3
25 18 . 0 0 0 -1 -1 -1 256 1 3
25 19 . 0 0 0 -1 -1 -1 256 1 3
25 20 # 0 0 0 -1 -1 -1 256 1 3
25 21 # 0 0 0 -1 -1 -1 256 1 3
25 22 # 0 0 0 -1 -1 -1 256 1 3
25 23 # 0 0 0 -1 -1 -1 256 1 3
25 24 # 0 0 0 -1 -1 -1 256 1 3
25 25 # 0 0 0 -1 -1 -1 256 1 3
25 26 # 0 0 0 -1 -1 -1 256 1 3
25 27 . 0 0 0 -1 -1 -1 256 1 3
25 28 . 0 0 0 -1 -1 -1 256 1 3
25 29 # 0 0 0 -1 -1 -1 256 1 3
25 30 . 0 0 0 -1 -1 -1 256 1 3
25 31 . 0 0 0 -1 -1 -1 256 1 3
25 32 # 0 0 0 -1 -1 -1 256 1 3
25 33 . 0 0 0 -1 -1 -1 256 1 3
25 34 . 0 0 0 -1 -1 -1 256 1 3
25 35 # 0 0 0 -1 -1 -1 256 1 3
25 36 # 0 0 0 -1 -1 -1 256 1 3
25 37 # 0 0 0 -1 -1 -1 256 1 3
25 38 # 0 0 0 -1 -1 -1 256 1 3
25 39 # 0 0 0 -1 -1 -1 256 1 3
25 40 # 0 0 0 -1 -1 -1 256 1 3
25 41 # 0 0 0 -1 -1 -1 256 1 3
25 42 # 0 0 0 -1 -1 -1 256 1 3
25 43 # 0 0 0 -1 -1 -1 256 1 3
25 44 . 0 0 0 -1 -1 -1 256 1 3
25 45 . 0 0 0 -1 -1 -1 256 1 3
25 46 # 0 0 0 -1 -1 -1 256 1 3
25 47 . 0 0 0 -1 -1 -1 256 1 3
25 48 . 0 0 0 -1 -1 -1 256 1 3
25 49 . 0 0 0 -1 -1 -1 256 1 3
25 50 . 0 0 0 -1 -1 -1 256 1 3
25 51 . 0 0 0 -1 -1 -1 256 1 3
25 52 # 0 0 0 -1 -1 -1 256 1 3
25 53 . 0 0 0 -1 -1 -1 256 1 3
25 54 . 0 0 0 -1 -1 -1 256 1 3
25 55 . 0 0 0 -1 -1 -1 256 1 3
25 56 . 0 0 0 -1 -1 -1 256 1 3
25 57 . 0 0 0 -1 -1 -1 256 1 3
25 58 . 0 0 0 -1 -1 -1 256 1 3
25 59 . 0 0 0 -1 -1 -1 256 1 3
25 60 . 0 0 0 -1 -1 -1 256 1 3
25 61 . 0 0 0 -1 -1 -1 256 1 3
25 62 . 0 0 0 -1 -1 -1 256 1 3
25 63 . 0 0 0 -1 -1 -1 256 1 3
25 64 . 0 0 0 -1 -1 -1 256 1 3
25 65 . 0 0 0 -1 -1 -1 256 1 3
25 66 # 0 0 0 -1 -1 -1 256 1 3
26 0 # 0 0 0 -1 -1 -1 256 1 3
26 1 . 0 0 0 -1 -1 -1 256 1 3
26 2 . 0 0 0 -1 -1 -1 256 1 3
26 3 . 0 0 0 -1 -1 -1 256 1 3
26 4 # 0 0 0 -1 -1 -1 256 1 3
26 5 . 0 0 0 -1 -1 -1 5 1 3
26 6 . 0 0 0 -1 -1 -1 4 1 3
26 7 . 0 0 0 -1 -1 -1 3 1 3
26 8 . 0 0 0 -1 -1 -1 3 1 3
26 9 . 0 0 1 -1 -1 26 3 1 3
26 10 # 0 0 0 -1 -1 -1 256 1 3
26 11 # 0 0 0 -1 -1 -1 256 1 3
26 12 . 0 0 0 -1 -1 -1 256 1 3
26 13 # 0 0 0 -1 -1 -1 256 1 3
26 14 . 0 0 0 -1 -1 -1 256 1 3
26 15 . 0 0 0 -1 -1 -1 256 1 3
26 16 . 0 0 0 -1 -1 -1 256 1 3
26 17 . 0 0 0 -1 -1 -1 256 1 3
26 18 . 0 0 0 -1 -1 -1 256 1 3
26 19 . 0 0 0 -1 -1 -1 256 1 3
26 20 # 0 0 0 -1 -1 -1 256 1 3
26 21 # 0 0 0 -1 -1 -1 256 1 3
26 22 # 0 0 0 -1 -1 -1 256 1 3
26 23 # 0 0 0 -1 -1 -1 256 1 3
26 24 # 0 0 0 -1 -1 -1 256 1 3
26 25 # 0 0 0 -1 -1 -1 256 1 3
26 26 # 0 0 0 -1 -1 -1 256 1 3
26 27 . 0 0 0 -1 -1 -1 256 1 3
26 28 . 0 0 0 -1 -1 -1 256 1 3
26 29 # 0 0 0 -1 -1 -1 256 1 3
26 30 . 0 0 0 -1 -1 -1 256 1 3
26 31 . 0 0 0 -1 -1 -1 256 1 3
26 32 # 0 0 0 -1 -1 -1 256 1 3
26 33 . 0 0 0 -1 -1 -1 256 1 3
26 34 . 0 0 0 -1 -1 -1 256 1 3
26 35 # 0 0 0 -1 -1 -1 256 1 3
26 36 # 0 0 0 -1 -1 -1 256 1 3
26 37 # 0 0 0 -1 -1 -1 256 1 3
26 38 # 0 0 0 -1 -1 -1 256 1 3
26 39 # 0 0 0 -1 -1 -1 256 1 3
26 40 # 0 0 0 -1 -1 -1 256 1 3
26 41 # 0 0 0 -1 -1 -1 256 1 3
26 42 # 0 0 0 -1 -1 -1 256 1 3
26 43 # 0 0 0 -1 -1 -1 256 1 3
26 44 . 0 0 0 -1 -1 -1 256 1 3
26 45 . 0 0 0 -1 -1 -1 256 1 3
26 46 # 0 0 0 -1 -1 -1 256 1 3
26 47 . 0 0 0 -1 -1 -1 256 1 3
26 48 . 0 0 0 -1 -1 -1 256 1 3
26 49 . 0 0 0 -1 -1 -1 256 1 3
26 50 . 0 0 0 -1 -1 -1 256 1 3
26 51 . 0 0 0 -1 -1 -1 256 1 3
26 52 # 0 0 0 -1 -1 -1 256 1 3
26 53 . 0 0 0 -1 -1 -1 256 1 3
26 54 . 0 0 0 -1 -1 -1 256 1 3
26 55 . 0 0 0 -1 -1 -1 256 1 3
26 56 . 0 0 0 -1 -1 -1 256 1 3
26 57 . 0 0 0 -1 -1 -1 256 1 3
26 58 . 0 0 0 -1 -1 -1 256 1 3
26 59 . 0 0 0 -1 -1 -1 256 1 3
26 60 . 0 0 0 -1 -1 -1 256 1 3
26 61 . 0 0 0 -1 -1 -1 256 1 3
26 62 . 0 0 0 -1 -1 -1 256 1 3
26 63 . 0 0 0 -1 -1 -1 256 1 3
26 64 . 0 0 0 -1 -1 -1 256 1 3
26 65 . 0 0 0 -1 -1 -1 256 1 3
26 66 # 0 0 0 -1 -1 -1 256 1 3
27 0 # 0 0 0 -1 -1 -1 256 1 3
27 1 . 0 0 0 -1 -1 -1 256 1 3
27 2 . 0 0 0 -1 -1 -1 256 1 3
27 3 . 0 0 0 -1 -1 -1 256 1 3
27 4 # 0 0 0 -1 -1 -1 256 1 3
27 5 # 0 0 0 -1 -1 -1 256 1 3
27 6 # 0 0 0 -1 -1 -1 256 1 3
27 7 # 0 0 0 -1 -1 -1 256 1 3
27 8 # 0 0 0 -1 -1 -1 256 1 3
27 9 . 0 0 0 -1 -1 -1 4 1 3
27 10 . 0 0 0 -1 -1 -1 4 1 3
27 11 # 0 0 0 -1 -1 -1 256 1 3
27 12 . 0 0 0 -1 -1 -1 256 1 3
27 13 . 0 0 0 -1 -1 -1 256 1 3
27 14 . 0 0 0 -1 -1 -1 256 1 3
27 15 . 0 0 0 -1 -1 -1 256 1 3
27 16 . 0 0 0 -1 -1 -1 256 1 3
27 17 . 0 0 0 -1 -1 -1 256 1 3
27 18 . 0 0 0 -1 -1 -1 256 1 3
27 19 . 0 0 0 -1 -1 -1 256 1 3
27 20 . 0 0 0 -1 -1 -1 256 1 3
27 21 . 0 0 0 -1 -1 -1 256 1 3
27 22 . 0 0 0 -1 -1 -1 256 1 3
27 23 . 0 0 0 -1 -1 -1 256 1 3
27 24 . 0 0 0 -1 -1 -1 256 1 3
27 25 . 0 0 0 -1 -1 -1 256 1 3
27 26 . 0 0 0 -1 -1 -1 256 1 3
27 27 . 0 0 0 -1 -1 -1 256 1 3
27 28 . 0 0 0 -1 -1 -1 256 1 3
27 29 # 0 0 0 -1 -1 -1 256 1 3
27 30 . 0 0 0 -1 -1 -1 256 1 3
27 31 . 0 0 0 -1 -1 -1 256 1 3
27 32 # 0 0 0 -1 -1 -1 256 1 3
27 33 . 0 0 0 -1 -1 -1 256 1 3
27 34 . 0 0 0 -1 -1 -1 256 1 3
27 35 . 0 0 0 -1 -1 -1 256 1 3
27 36 . 0 0 0 -1 -1 -1 256 1 3
27 37 . 0 0 0 -1 -1 -1 256 1 3
27 38 . 0 0 0 -1 -1 -1 256 1 3
27 39 . 0 0 0 -1 -1 -1 256 1 3
27 40 . 0 0 0 -1 -1 -1 256 1 3
27 41 . 0 0 1 -1 -1 40 256 1 3
27 42 . 0 0 0 -1 -1 -1 256 1 3
27 43 . 0 0 0 -1 -1 -1 256 1 3
27 44 . 0 0 0 -1 -1 -1 256 1 3
27 45 . 0 0 0 -1 -1 -1 256 1 3
27 46 # 0 0 0 -1 -1 -1 256 1 3
27 47 . 0 0 0 -1 -1 -1 256 1 3
27 48 . 0 0 0 -1 -1 -1 256 1 3
27 49 . 0 0 0 -1 -1 -1 256 1 3
27 50 . 0 0 0 -1 -1 -1 256 1 3
27 51 . 0 0 0 -1 -1 -1 256 1 3
27 52 # 0 0 0 -1 -1 -1 256 1 3
27 53 . 0 0 0 -1 -1 -1 256 1 3
27 54 . 0 0 0 -1 -1 -1 256 1 3
27 55 . 0 0 0 -1 -1 -1 256 1 3
27 56 . 0 0 0 -1 -1 -1 256 1 3
27 57 . 0 0 0 -1 -1 -1 256 1 3
27 58 . 0 0 0 -1 -1 -1 256 1 3
27 59 . 0 0 0 -1 -1 -1 256 1 3
27 60 . 0 0 0 -1 -1 0 256 1 3
27 61 . 0 0 0 -1 -1 -1 256 1 3
27 62 . 0 0 0 -1 -1 -1 256 1 3
27 63 . 0 0 0 -1 -1 -1 256 1 3
27 64 . 0 0 0 -1 -1 -1 256 1 3
27 65 . 0 0 0 -1 -1 -1 256 1 3
27 66 # 0 0 0 -1 -1 -1 256 1 3
28 0 # 0 0 0 -1 -1 -1 256 1 3
28 1 . 0 0 0 -1 -1 -1 256 1 3
28 2 . 0 0 0 -1 -1 -1 256 1 3
28 3 . 0 0 0 -1 -1 -1 256 1 3
28 4 # 0 0 0 -1 -1 -1 256 1 3
28 5 # 0 0 0 -1 -1 -1 256 1 3
28 6 # 0 0 0 -1 -1 -1 256 1 3
28 7 # 0 0 0 -1 -1 -1 256 1 3
28 8 # 0 0 0 -1 -1 -1 256 1 3
28 9 . 0 0 0 -1 -1 -1 5 1 3
28 10 . 0 0 0 -1 -1 -1 5 1 3
28 11 # 0 0 0 -1 -1 -1 256 1 3
28 12 . 0 0 0 -1 -1 -1 256 1 3
28 13 . 0 0 0 -1 -1 -1 256 1 3
28 14 . 0 0 0 -1 -1 -1 256 1 3
28 15 . 0 0 0 -1 -1 -1 256 1 3
28 16 . 0 0 0 -1 -1 -1 256 1 3
28 17 . 0 0 0 -1 -1 -1 256 1 3
28 18 . 0 0 0 -1 -1 -1 256 1 3
28 19 . 0 0 0 -1 -1 -1 256 1 3
28 20 . 1 0 0 14 -1 -1 256 1 3
28 21 . 0 0 0 -1 -1 -1 256 1 3
28 22 . 0 0 0 -1 -1 -1 256 1 3
28 23 . 0 0 0 -1 -1 -1 256 1 3
28 24 . 0 0 0 -1 -1 -1 256 1 3
28 25 . 0 0 0 -1 -1 -1 256 1 3
28 26 . 0 0 0 -1 -1 -1 256 1 3
28 27 . 0 0 0 -1 -1 -1 256 1 3
28 28 . 0 0 0 -1 -1 -1 256 1 3
28 29 # 0 0 0 -1 -1 -1 256 1 3
28 30 . 0 0 0 -1 -1 -1 256 1 3
28 31 . 0 0 0 -1 -1 -1 256 1 3
28 32 # 0 0 0 -1 -1 -1 256 1 3
28 33 . 0 0 0 -1 -1 -1 256 1 3
28 34 . 0 0 0 -1 -1 -1 256 1 3
28 35 . 0 0 0 -1 -1 -1 256 1 3
28 36 . 0 0 0 -1 -1 -1 256 1 3
28 37 . 0 0 0 -1 -1 -1 256 1 3
28 38 . 0 0 0 -1 -1 -1 256 1 3
28 39 . 1 0 0 19 -1 -1 256 1 3
28 40 . 0 0 0 -1 -1 -1 256 1 3
28 41 . 0 0 0 -1 -1 -1 256 1 3
28 42 . 0 0 0 -1 -1 -1 256 1 3
28 43 . 0 0 0 -1 -1 -1 256 1 3
28 44 . 1 0 0 13 -1 -1 256 1 3
28 45 . 0 0 0 -1 -1 -1 256 1 3
28 46 # 0 0 0 -1 -1 -1 256 1 3
28 47 . 0 0 0 -1 -1 -1 256 1 3
28 48 . 0 0 0 -1 -1 -1 256 1 3
28 49 . 0 0 0 -1 -1 -1 256 1 3
28 50 . 0 0 0 -1 -1 -1 256 1 3
28 51 . 0 0 0 -1 -1 -1 256 1 3
28 52 # 0 0 0 -1 -1 -1 256 1 3
28 53 . 0 0 0 -1 -1 -1 256 1 3
28 54 . 0 0 0 -1 -1 -1 256 1 3
28 55 . 0 0 0 -1 -1 -1 256 1 3
28 56 . 0 0 0 -1 -1 -1 256 1 3
28 57 . 0 0 0 -1 -1 -1 256 1 3
28 58 . 0 0 0 -1 -1 -1 256 1 3
28 59 . 0 0 0 -1 -1 -1 256 1 3
28 60 . 0 0 0 -1 -1 0 256 1 3
28 61 . 0 0 0 -1 -1 -1 256 1 3
28 62 . 0 0 0 -1 -1 -1 256 1 3
28 63 . 0 0 0 -1 -1 -1 256 1 3
28 64 . 0 0 0 -1 -1 -1 256 1 3
28 65 . 0 0 0 -1 -1 -1 256 1 3
28 66 # 0 0 0 -1 -1 -1 256 1 3
29 0 # 0 0 0 -1 -1 -1 256 1 3
29 1 . 0 0 0 -1 -1 -1 256 1 3
29 2 . 0 0 0 -1 -1 -1 256 1 3
29 3 . 0 0 0 -1 -1 -1 256 1 3
29 4 . 0 0 0 -1 -1 -1 256 1 3
29 5 . 0 0 0 -1 -1 -1 256 1 3
29 6 . 0 0 0 -1 -1 -1 256 1 3
29 7 . 0 0 0 -1 -1 -1 256 1 3
29 8 # 0 0 0 -1 -1 -1 256 1 3
29 9 . 0 0 0 -1 -1 -1 6 1 3
29 10 . 0 0 0 -1 -1 -1 6 1 3
29 11 # 0 0 0 -1 -1 -1 256 1 3
29 12 # 0 0 0 -1 -1 -1 256 1 3
29 13 # 0 0 0 -1 -1 -1 256 1 3
29 14 # 0 0 0 -1 -1 -1 256 1 3
29 15 # 0 0 0 -1 -1 -1 256 1 3
29 16 # 0 0 0 -1 -1 -1 256 1 3
29 17 # 0 0 0 -1 -1 -1 256 1 3
29 18 # 0 0 0 -1 -1 -1 256 1 3
29 19 # 0 0 0 -1 -1 -1 256 1 3
29 20 # 0 0 0 -1 -1 -1 256 1 3
29 21 # 0 0 0 -1 -1 -1 256 1 3
29 22 # 0 0 0 -1 -1 -1 256 1 3
29 23 # 0 0 0 -1 -1 -1 256 1 3
29 24 # 0 0 0 -1 -1 -1 256 1 3
29 25 # 0 0 0 -1 -1 -1 256 1 3
29 26 # 0 0 0 -1 -1 -1 256 1 3
29 27 # 0 0 0 -1 -1 -1 256 1 3
29 28 # 0 0 0 -1 -1 -1 256 1 3
29 29 # 0 0 0 -1 -1 -1 256 1 3
29 30 . 0 0 0 -1 -1 -1 256 1 3
29 31 . 0 0 0 -1 -1 -1 256 1 3
29 32 # 0 0 0 -1 -1 -1 256 1 3
29 33 # 0 0 0 -1 -1 -1 256 1 3
29 34 # 0 0 0 -1 -1 -1 256 1 3
29 35 # 0 0 0 -1 -1 -1 256 1 3
29 36 # 0 0 0 -1 -1 -1 256 1 3
29 37 # 0 0 0 -1 -1 -1 256 1 3
29 38 # 0 0 0 -1 -1 -1 256 1 3
29 39 # 0 0 0 -1 -1 -1 256 1 3
29 40 # 0 0 0 -1 -1 -1 256 1 3
29 41 # 0 0 0 -1 -1 -1 256 1 3
29 42 # 0 0 0 -1 -1 -1 256 1 3
29 43 # 0 0 0 -1 -1 -1 256 1 3
29 44 # 0 0 0 -1 -1 -1 256 1 3
29 45 # 0 0 0 -1 -1 -1 256 1 3
29 46 # 0 0 0 -1 -1 -1 256 1 3
29 47 . 0 0 0 -1 -1 -1 256 1 3
29 48 . 0 0 0 -1 -1 -1 256 1 3
29 49 . 0 0 0 -1 -1 -1 256 1 3
29 50 . 0 0 0 -1 -1 -1 256 1 3
29 51 . 0 0 0 -1 -1 -1 256 1 3
29 52 # 0 0 0 -1 -1 -1 256 1 3
29 53 # 0 0 0 -1 -1 -1 256 1 3
29 54 # 0 0 0 -1 -1 -1 256 1 3
29 55 # 0 0 0 -1 -1 -1 256 1 3
29 56 . 0 0 0 -1 -1 -1 256 1 3
29 57 . 0 0 0 -1 -1 -1 256 1 3
29 58 . 0 0 0 -1 -1 -1 256 1 3
29 59 . 0 0 0 -1 -1 -1 256 1 3
29 60 . 0 0 0 -1 -1 -1 256 1 3
29 61 # 0 0 0 -1 -1 -1 256 1 3
29 62 # 0 0 0 -1 -1 -1 256 1 3
29 63 # 0 0 0 -1 -1 -1 256 1 3
29 64 # 0 0 0 -1 -1 -1 256 1 3
29 65 # 0 0 0 -1 -1 -1 256 1 3
29 66 # 0 0 0 -1 -1 -1 256 1 3
30 0 # 0 0 0 -1 -1 -1 256 1 3
30 1 . 0 0 0 -1 -1 -1 256 1 3
30 2 . 0 0 0 -1 -1 -1 256 1 3
30 3 . 0 0 0 -1 -1 -1 256 1 3
30 4 . 0 0 0 -1 -1 -1 256 1 3
30 5 . 0 0 0 -1 -1 -1 256 1 3
30 6 . 0 0 0 -1 -1 -1 256 1 3
30 7 . 0 0 0 -1 -1 -1 256 1 3
30 8 # 0 0 0 -1 -1 -1 256 1 3
30 9 . 0 0 0 -1 -1 -1 7 1 3
30 10 . 0 0 0 -1 -1 -1 7 1 3
30 11 # 0 0 0 -1 -1 -1 256 1 3
30 12 # 0 0 0 -1 -1 -1 256 1 3
30 13 # 0 0 0 -1 -1 -1 256 1 3
30 14 # 0 0 0 -1 -1 -1 256 1 3
30 15 # 0 0 0 -1 -1 -1 256 1 3
30 16 # 0 0 0 -1 -1 -1 256 1 3
30 17 # 0 0 0 -1 -1 -1 256 1 3
30 18 # 0 0 0 -1 -1 -1 256 1 3
30 19 # 0 0 0 -1 -1 -1 256 1 3
30 20 # 0 0 0 -1 -1 -1 256 1 3
30 21 # 0 0 0 -1 -1 -1 256 1 3
30 22 # 0 0 0 -1 -1 -1 256 1 3
30 23 # 0 0 0 -1 -1 -1 256 1 3
30 24 # 0 0 0 -1 -1 -1 256 1 3
30 25 # 0 0 0 -1 -1 -1 256 1 3
30 26 # 0 0 0 -1 -1 -1 256 1 3
30 27 # 0 0 0 -1 -1 -1 256 1 3
30 28 # 0 0 0 -1 -1 -1 256 1 3
30 29 # 0 0 0 -1 -1 -1 256 1 3
30 30 . 0 0 0 -1 -1 -1 256 1 3
30 31 . 0 0 0 -1 -1 -1 256 1 3
30 32 # 0 0 0 -1 -1 -1 256 1 3
30 33 # 0 0 0 -1 -1 -1 256 1 3
30 34 # 0 0 0 -1 -1 -1 256 1 3
30 35 # 0 0 0 -1 -1 -1 256 1 3
30 36 # 0 0 0 -1 -1 -1 256 1 3
30 37 # 0 0 0 -1 -1 -1 256 1 3
30 38 # 0 0 0 -1 -1 -1 256 1 3
30 39 # 0 0 0 -1 -1 -1 256 1 3
30 40 # 0 0 0 -1 -1 -1 256 1 3
30 41 # 0 0 0 -1 -1 -1 256 1 3
30 42 # 0 0 0 -1 -1 -1 256 1 3
30 43 # 0 0 0 -1 -1 -1 256 1 3
30 44 # 0 0 0 -1 -1 -1 256 1 3
30 45 # 0 0 0 -1 -1 -1 256 1 3
30 46 # 0 0 0 -1 -1 -1 256 1 3
30 47 . 0 0 0 -1 -1 -1 10 1 3
30 48 . 0 0 0 -1 -1 -1 10 1 3
30 49 . 0 0 0 -1 -1 -1 10 1 3
30 50 . 0 0 0 -1 -1 -1 10 1 3
30 51 . 0 0 0 -1 -1 -1 10 1 3
30 52 # 0 0 0 -1 -1 -1 256 1 3
30 53 # 0 0 0 -1 -1 -1 256 1 3
30 54 # 0 0 0 -1 -1 -1 256 1 3
30 55 # 0 0 0 -1 -1 -1 256 1 3
30 56 . 0 0 0 -1 -1 -1 256 1 3
30 57 . 0 0 0 -1 -1 -1 256 1 3
30 58 . 0 0 0 -1 -1 -1 256 1 3
30 59 . 0 0 0 -1 -1 -1 256 1 3
30 60 . 0 0 0 -1 -1 -1 256 1 3
30 61 # 0 0 0 -1 -1 -1 256 1 3
30 62 # 0 0 0 -1 -1 -1 256 1 3
30 63 # 0 0 0 -1 -1 -1 256 1 3
30 64 # 0 0 0 -1 -1 -1 256 1 3
30 65 # 0 0 0 -1 -1 -1 256 1 3
30 66 # 0 0 0 -1 -1 -1 256 1 3
31 0 # 0 0 0 -1 -1 -1 256 1 3
31 1 . 0 0 0 -1 -1 -1 256 1 3
31 2 . 0 0 0 -1 -1 -1 256 1 3
31 3 . 0 0 1 -1 -1 28 256 1 3
31 4 . 0 0 0 -1 -1 -1 256 1 3
31 5 . 0 0 0 -1 -1 -1 256 1 3
31 6 . 1 0 0 2 -1 -1 256 1 3
31 7 . 0 0 0 -1 -1 -1 256 1 3
31 8 # 0 0 0 -1 -1 -1 256 1 3
31 9 . 0 0 0 -1 -1 -1 8 1 3
31 10 . 0 0 0 -1 -1 -1 8 1 3
31 11 . 0 0 0 -1 -1 -1 8 1 3
31 12 . 0 0 0 -1 -1 -1 9 1 3
31 13 . 1 0 0 20 -1 -1 10 1 3
31 14 . 0 0 0 -1 -1 -1 256 1 3
31 15 . 0 0 0 -1 -1 -1 256 1 3
31 16 . 0 0 0 -1 -1 -1 256 1 3
31 17 . 0 0 0 -1 -1 -1 256 1 3
31 18 . 0 0 0 -1 -1 -1 256 1 3
31 19 . 0 0 0 -1 -1 -1 256 1 3
31 20 . 0 0 0 -1 -1 -1 256 1 3
31 21 . 0 0 0 -1 -1 -1 256 1 3
31 22 . 0 0 0 -1 -1 -1 256 1 3
31 23 . 0 0 0 -1 -1 -1 256 1 3
31 24 . 0 0 0 -1 -1 -1 256 1 3
31 25 . 0 0 0 -1 -1 -1 256 1 3
31 26 . 0 0 0 -1 -1 -1 256 1 3
31 27 . 0 0 0 -1 -1 -1 256 1 3
31 28 . 0 0 0 -1 -1 -1 256 1 3
31 29 . 0 0 0 -1 -1 -1 256 1 3
31 30 . 0 0 0 -1 -1 -1 256 1 3
31 31 . 0 0 0 -1 -1 -1 256 1 3
31 32 . 0 0 0 -1 -1 -1 256 1 3
31 33 . 0 0 0 -1 -1 -1 256 1 3
31 34 . 0 0 0 -1 -1 -1 256 1 3
31 35 . 0 0 0 -1 -1 -1 256 1 3
31 36 . 0 0 0 -1 -1 -1 256 1 3
31 37 . 0 0 0 -1 -1 -1 256 1 3
31 38 . 0 0 0 -1 -1 -1 256 1 3
31 39 . 0 0 0 -1 -1 -1 256 1 3
31 40 . 0 0 0 -1 -1 -1 256 1 3
31 41 . 0 0 0 -1 -1 -1 256 1 3
31 42 . 0 0 0 -1 -1 -1 256 1 3
31 43 . 0 0 0 -1 -1 -1 256 1 3
31 44 . 0 0 0 -1 -1 -1 256 1 3
31 45 . 0 0 0 -1 -1 -1 256 1 3
31 46 . 0 0 0 -1 -1 -1 10 1 3
31 47 . 0 0 0 -1 -1 -1 10 1 3
31 48 . 0 0 0 -1 -1 -1 10 1 3
31 49 . 0 0 0 -1 -1 -1 10 1 3
31 50 . 0 0 0 -1 -1 -1 10 1 3
31 51 . 0 0 0 -1 -1 -1 10 1 3
31 52 . 0 0 0 -1 -1 -1 10 1 3
31 53 . 0 0 0 -1 -1 -1 256 1 3
31 54 . 0 0 0 -1 -1 -1 256 1 3
31 55 . 0 0 0 -1 -1 -1 256 1 3
31 56 . 0 0 0 -1 -1 -1 256 1 3
31 57 . 0 0 0 -1 -1 -1 256 1 3
31 58 . 0 0 0 -1 -1 -1 256 1 3
31 59 . 0 0 0 -1 -1 -1 256 1 3
31 60 . 0 0 0 -1 -1 -1 256 1 3
31 61 . 1 0 0 5 -1 -1 256 1 3
31 62 . 0 0 0 -1 -1 -1 256 1 3
31 63 . 0 0 0 -1 -1 -1 256 1 3
31 64 . 0 0 0 -1 -1 -1 256 1 3
31 65 . 0 0 0 -1 -1 -1 256 1 3
31 66 # 0 0 0 -1 -1 -1 256 1 3
32 0 # 0 0 0 -1 -1 -1 256 1 3
32 1 . 0 0 0 -1 -1 -1 256 1 3
32 2 . 0 0 0 -1 -1 -1 256 1 3
32 3 . 0 0 0 -1 -1 -1 256 1 3
32 4 . 0 0 0 -1 -1 -1 256 1 3
32 5 . 0 0 0 -1 -1 -1 256 1 3
32 6 . 0 0 0 -1 -1 -1 256 1 3
32 7 . 0 0 0 -1 -1 -1 256 1 3
32 8 # 0 0 0 -1 -1 -1 256 1 3
32 9 . 0 0 0 -1 -1 -1 9 1 3
32 10 . 0 0 0 -1 -1 -1 9 1 3
32 11 . 0 0 0 -1 -1 -1 9 1 3
32 12 . 0 0 0 -1 -1 -1 9 1 3
32 13 . 0 0 0 -1 -1 -1 10 1 3
32 14 . 0 0 0 -1 -1 -1 256 1 3
32 15 . 0 0 0 -1 -1 -1 256 1 3
32 16 . 0 0 0 -1 -1 -1 256 1 3
32 17 . 0 0 0 -1 -1 -1 256 1 3
32 18 . 0 0 0 -1 -1 -1 256 1 3
32 19 . 0 0 0 -1 -1 -1 256 1 3
32 20 . 0 0 0 -1 -1 -1 256 1 3
32 21 . 0 0 0 -1 -1 -1 256 1 3
32 22 . 0 0 0 -1 -1 -1 256 1 3
32 23 . 0 0 0 -1 -1 -1 256 1 3
32 24 . 0 0 0 -1 -1 -1 256 1 3
32 25 . 0 0 0 -1 -1 -1 256 1 3
32 26 . 1 0 0 18 -1 -1 256 1 3
32 27 . 0 0 0 -1 -1 -1 256 1 3
32 28 . 0 0 0 -1 -1 -1 256 1 3
32 29 . 0 0 0 -1 -1 -1 256 1 3
32 30 . 0 0 0 -1 -1 -1 256 1 3
32 31 . 0 0 0 -1 -1 -1 256 1 3
32 32 . 0 0 0 -1 -1 -1 256 1 3
32 33 . 0 0 0 -1 -1 -1 256 1 3
32 34 . 0 0 0 -1 -1 -1 256 1 3
32 35 . 0 0 0 -1 -1 -1 256 1 3
32 36 . 0 0 0 -1 -1 -1 256 1 3
32 37 . 0 0 0 -1 -1 -1 256 1 3
32 38 . 0 0 0 -1 -1 -1 256 1 3
32 39 . 0 0 0 -1 -1 -1 256 1 3
32 40 . 0 0 0 -1 -1 -1 256 1 3
32 41 . 0 0 0 -1 -1 -1 256 1 3
32 42 . 0 0 0 -1 -1 -1 256 1 3
32 43 . 0 0 0 -1 -1 -1 256 1 3
32 44 . 0 0 0 -1 -1 -1 256 1 3
32 45 . 0 0 0 -1 -1 -1 256 1 3
32 46 . 0 0 0 -1 -1 -1 256 1 3
32 47 . 0 0 0 -1 -1 -1 256 1 3
32 48 . 0 0 0 -1 -1 -1 256 1 3
32 49 . 0 0 0 -1 -1 -1 256 1 3
32 50 . 0 0 0 -1 -1 -1 256 1 3
32 51 . 0 0 0 -1 -1 -1 256 1 3
32 52 . 0 0 0 -1 -1 0 256 1 3
32 53 . 0 0 0 -1 -1 -1 256 1 3
32 54 . 0 0 0 -1 -1 -1 10 1 3
32 55 . 0 0 0 -1 -1 -1 10 1 3
32 56 . 0 0 0 -1 -1 -1 10 1 3
32 57 . 0 0 0 -1 -1 48 10 1 3
32 58 . 1 0 0 9 -1 -1 10 1 3
32 59 . 0 0 0 -1 -1 -1 10 1 3
32 60 . 0 0 0 -1 -1 -1 10 1 3
32 61 . 0 0 0 -1 -1 -1 10 1 3
32 62 . 0 0 0 -1 -1 -1 10 1 3
32 63 . 0 0 0 -1 -1 -1 256 1 3
32 64 . 0 0 0 -1 -1 -1 256 1 3
32 65 . 0 0 0 -1 -1 -1 256 1 3
32 66 # 0 0 0 -1 -1 -1 256 1 3
33 0 # 0 0 0 -1 -1 -1 256 1 3
33 1 # 0 0 0 -1 -1 -1 256 1 3
33 2 # 0 0 0 -1 -1 -1 256 1 3
33 3 # 0 0 0 -1 -1 -1 256 1 3
33 4 # 0 0 0 -1 -1 -1 256 1 3
33 5 # 0 0 0 -1 -1 -1 256 1 3
33 6 # 0 0 0 -1 -1 -1 256 1 3
33 7 # 0 0 0 -1 -1 -1 256 1 3
33 8 # 0 0 0 -1 -1 -1 256 1 3
33 9 # 0 0 0 -1 -1 -1 256 1 3
33 10 # 0 0 0 -1 -1 -1 256 1 3
33 11 # 0 0 0 -1 -1 -1 256 1 3
33 12 # 0 0 0 -1 -1 -1 256 1 3
33 13 # 0 0 0 -1 -1 -1 256 1 3
33 14 # 0 0 0 -1 -1 -1 256 1 3
33 15 # 0 0 0 -1 -1 -1 256 1 3
33 16 # 0 0 0 -1 -1 -1 256 1 3
33 17 # 0 0 0 -1 -1 -1 256 1 3
33 18 # 0 0 0 -1 -1 -1 256 1 3
33 19 # 0 0 0 -1 -1 -1 256 1 3
33 20 # 0 0 0 -1 -1 -1 256 1 3
33 21 # 0 0 0 -1 -1 -1 256 1 3
33 22 # 0 0 0 -1 -1 -1 256 1 3
33 23 # 0 0 0 -1 -1 -1 256 1 3
33 24 # 0 0 0 -1 -1 -1 256 1 3
33 25 # 0 0 0 -1 -1 -1 256 1 3
33 26 # 0 0 0 -1 -1 -1 256 1 3
33 27 # 0 0 0 -1 -1 -1 256 1 3
33 28 # 0 0 0 -1 -1 -1 256 1 3
33 29 # 0 0 0 -1 -1 -1 256 1 3
33 30 # 0 0 0 -1 -1 -1 256 1 3
33 31 # 0 0 0 -1 -1 -1 256 1 3
33 32 # 0 0 0 -1 -1 -1 256 1 3
33 33 # 0 0 0 -1 -1 -1 256 1 3
33 34 # 0 0 0 -1 -1 -1 256 1 3
33 35 # 0 0 0 -1 -1 -1 256 1 3
33 36 # 0 0 0 -1 -1 -1 256 1 3
33 37 # 0 0 0 -1 -1 -1 256 1 3
33 38 # 0 0 0 -1 -1 -1 256 1 3
33 39 # 0 0 0 -1 -1 -1 256 1 3
33 40 # 0 0 0 -1 -1 -1 256 1 3
33 41 # 0 0 0 -1 -1 -1 256 1 3
33 42 # 0 0 0 -1 -1 -1 256 1 3
33 43 # 0 0 0 -1 -1 -1 256 1 3
33 44 # 0 0 0 -1 -1 -1 256 1 3
33 45 # 0 0 0 -1 -1 -1 256 1 3
33 46 # 0 0 0 -1 -1 -1 256 1 3
33 47 # 0 0 0 -1 -1 -1 256 1 3
33 48 # 0 0 0 -1 -1 -1 256 1 3
33 49 # 0 0 0 -1 -1 -1 256 1 3
33 50 # 0 0 0 -1 -1 -1 256 1 3
33 51 # 0 0 0 -1 -1 -1 256 1 3
33 52 # 0 0 0 -1 -1 -1 256 1 3
33 53 # 0 0 0 -1 -1 -1 256 1 3
33 54 # 0 0 0 -1 -1 -1 256 1 3
33 55 # 0 0 0 -1 -1 -1 256 1 3
33 56 # 0 0 0 -1 -1 -1 256 1 3
33 57 # 0 0 0 -1 -1 -1 256 1 3
33 58 # 0 0 0 -1 -1 -1 256 1 3
33 59 # 0 0 0 -1 -1 -1 256 1 3
33 60 # 0 0 0 -1 -1 -1 256 1 3
33 61 # 0 0 0 -1 -1 -1 256 1 3
33 62 # 0 0 0 -1 -1 -1 256 1 3
33 63 # 0 0 0 -1 -1 -1 256 1 3
33 64 # 0 0 0 -1 -1 -1 256 1 3
33 65 # 0 0 0 -1 -1 -1 256 1 3
33 66 # 0 0 0 -1 -1 -1 256 1 3
34 0 # 0 0 0 -1 -1 -1 256 1 3
34 1 # 0 0 0 -1 -1 -1 256 1 3
34 2 # 0 0 0 -1 -1 -1 256 1 3
34 3 # 0 0 0 -1 -1 -1 256 1 3
34 4 # 0 0 0 -1 -1 -1 256 1 3
34 5 # 0 0 0 -1 -1 -1 256 1 3
34 6 # 0 0 0 -1 -1 -1 256 1 3
34 7 # 0 0 0 -1 -1 -1 256 1 3
34 8 # 0 0 0 -1 -1 -1 256 1 3
34 9 # 0 0 0 -1 -1 -1 256 1 3
34 10 # 0 0 0 -1 -1 -1 256 1 3
34 11 # 0 0 0 -1 -1 -1 256 1 3
34 12 # 0 0 0 -1 -1 -1 256 1 3
34 13 # 0 0 0 -1 -1 -1 256 1 3
34 14 # 0 0 0 -1 -1 -1 256 1 3
34 15 # 0 0 0 -1 -1 -1 256 1 3
34 16 # 0 0 0 -1 -1 -1 256 1 3
34 17 # 0 0 0 -1 -1 -1 256 1 3
34 18 # 0 0 0 -1 -1 -1 256 1 3
34 19 # 0 0 0 -1 -1 -1 256 1 3
34 20 # 0 0 0 -1 -1 -1 256 1 3
34 21 # 0 0 0 -1 -1 -1 256 1 3
34 22 # 0 0 0 -1 -1 -1 256 1 3
34 23 # 0 0 0 -1 -1 -1 256 1 3
34 24 # 0 0 0 -1 -1 -1 256 1 3
34 25 # 0 0 0 -1 -1 -1 256 1 3
34 26 # 0 0 0 -1 -1 -1 256 1 3
34 27 # 0 0 0 -1 -1 -1 256 1 3
34 28 # 0 0 0 -1 -1 -1 256 1 3
34 29 # 0 0 0 -1 -1 -1 256 1 3
34 30 # 0 0 0 -1 -1 -1 256 1 3
34 31 # 0 0 0 -1 -1 -1 256 1 3
34 32 # 0 0 0 -1 -1 -1 256 1 3
34 33 # 0 0 0 -1 -1 -1 256 1 3
34 34 # 0 0 0 -1 -1 -1 256 1 3
34 35 # 0 0 0 -1 -1 -1 256 1 3
34 36 # 0 0 0 -1 -1 -1 256 1 3
34 37 # 0 0 0 -1 -1 -1 256 1 3
34 38 # 0 0 0 -1 -1 -1 256 1 3
34 39 # 0 0 0 -1 -1 -1 256 1 3
34 40 # 0 0 0 -1 -1 -1 256 1 3
34 41 # 0 0 0 -1 -1 -1 256 1 3
34 42 # 0 0 0 -1 -1 -1 256 1 3
34 43 # 0 0 0 -1 -1 -1 256 1 3
34 44 # 0 0 0 -1 -1 -1 256 1 3
34 45 # 0 0 0 -1 -1 -1 256 1 3
34 46 # 0 0 0 -1 -1 -1 256 1 3
34 47 # 0 0 0 -1 -1 -1 256 1 3
34 48 # 0 0 0 -1 -1 -1 256 1 3
34 49 # 0 0 0 -1 -1 -1 256 1 3
34 50 # 0 0 0 -1 -1 -1 256 1 3
34 51 # 0 0 0 -1 -1 -1 256 1 3
34 52 # 0 0 0 -1 -1 -1 256 1 3
34 53 # 0 0 0 -1 -1 -1 256 1 3
34 54 # 0 0 0 -1 -1 -1 256 1 3
34 55 # 0 0 0 -1 -1 -1 256 1 3
34 56 # 0 0 0 -1 -1 -1 256 1 3
34 57 # 0 0 0 -1 -1 -1 256 1 3
34 58 # 0 0 0 -1 -1 -1 256 1 3
34 59 # 0 0 0 -1 -1 -1 256 1 3
34 60 # 0 0 0 -1 -1 -1 256 1 3
34 61 # 0 0 0 -1 -1 -1 256 1 3
34 62 # 0 0 0 -1 -1 -1 256 1 3
34 63 # 0 0 0 -1 -1 -1 256 1 3
34 64 # 0 0 0 -1 -1 -1 256 1 3
34 65 # 0 0 0 -1 -1 -1 256 1 3
34 66 # 0 0 0 -1 -1 -1 256 1 3
35 0 ` 0 0 0 -1 -1 -1 256 1 0
35 1 ` 0 0 0 -1 -1 -1 256 1 0
35 2 ` 0 0 0 -1 -1 -1 256 1 0
35 3 ` 0 0 0 -1 -1 -1 256 1 0
35 4 ` 0 0 0 -1 -1 -1 99 1 0
35 5 ` 0 0 0 -1 -1 -1 99 1 0
35 6 ` 0 0 0 -1 -1 -1 99 1 0
35 7 ` 0 0 0 -1 -1 -1 99 1 0
35 8 ` 0 0 0 -1 -1 -1 99 1 0
35 9 ` 0 0 0 -1 -1 -1 99 1 0
35 10 ` 0 0 0 -1 -1 -1 99 1 0
35 11 ` 0 0 0 -1 -1 -1 99 1 0
35 12 ` 0 0 0 -1 -1 -1 99 1 0
35 13 ` 0 0 0 -1 -1 -1 99 1 0
35 14 ` 0 0 0 -1 -1 -1 99 1 0
35 15 ` 0 0 0 -1 -1 -1 99 1 0
35 16 ` 0 0 0 -1 -1 -1 99 1 0
35 17 ` 0 0 0 -1 -1 -1 99 1 0
35 18 ` 0 0 0 -1 -1 -1 99 1 0
35 19 ` 0 0 0 -1 -1 -1 99 1 0
35 20 ` 0 0 0 -1 -1 -1 99 1 0
35 21 ` 0 0 0 -1 -1 -1 99 1 0
35 22 ` 0 0 0 -1 -1 -1 99 1 0
35 23 ` 0 0 0 -1 -1 -1 99 1 0
35 24 ` 0 0 0 -1 -1 -1 99 1 0
35 25 ` 0 0 0 -1 -1 -1 99 1 0
35 26 ` 0 0 0 -1 -1 -1 99 1 0
35 27 ` 0 0 0 -1 -1 -1 99 1 0
35 28 ` 0 0 0 -1 -1 -1 99 1 0
35 29 ` 0 0 0 -1 -1 -1 99 1 0
35 30 ` 0 0 0 -1 -1 -1 99 1 0
35 31 ` 0 0 0 -1 -1 -1 99 1 0
35 32 ` 0 0 0 -1 -1 -1 99 1 0
35 33 ` 0 0 0 -1 -1 -1 99 1 0
35 34 ` 0 0 0 -1 -1 -1 99 1 0
35 35 ` 0 0 0 -1 -1 -1 99 1 0
35 36 ` 0 0 0 -1 -1 -1 99 1 0
35 37 ` 0 0 0 -1 -1 -1 99 1 0
35 38 ` 0 0 0 -1 -1 -1 99 1 0
35 39 ` 0 0 0 -1 -1 -1 99 1 0
35 40 ` 0 0 0 -1 -1 -1 99 1 0
35 41 ` 0 0 0 -1 -1 -1 256 1 0
35 42 ` 0 0 0 -1 -1 -1 256 1 0
35 43 ` 0 0 0 -1 -1 -1 256 1 0
35 44 ` 0 0 0 -1 -1 -1 256 1 0
35 45 ` 0 0 0 -1 -1 -1 256 1 0
35 46 ` 0 0 0 -1 -1 -1 256 1 0
35 47 ` 0 0 0 -1 -1 -1 256 1 0
35 48 ` 0 0 0 -1 -1 -1 256 1 0
35 49 ` 0 0 0 -1 -1 -1 256 1 0
35 50 ` 0 0 0 -1 -1 -1 256 1 0
35 51 ` 0 0 0 -1 -1 -1 256 1 0
35 52 ` 0 0 0 -1 -1 -1 256 1 0
35 53 ` 0 0 0 -1 -1 -1 256 1 0
35 54 ` 0 0 0 -1 -1 -1 256 1 0
35 55 ` 0 0 0 -1 -1 -1 256 1 0
35 56 ` 0 0 0 -1 -1 -1 256 1 0
35 57 ` 0 0 0 -1 -1 -1 256 1 0
35 58 ` 0 0 0 -1 -1 -1 256 1 0
35 59 ` 0 0 0 -1 -1 -1 256 1 0
35 60 ` 0 0 0 -1 -1 -1 256 1 0
35 61 ` 0 0 0 -1 -1 -1 256 1 0
35 62 ` 0 0 0 -1 -1 -1 256 1 0
35 63 ` 0 0 0 -1 -1 -1 256 1 0
35 64 ` 0 0 0 -1 -1 -1 256 1 0
35 65 ` 0 0 0 -1 -1 -1 256 1 0
35 66 ` 0 0 0 -1 -1 -1 256 1 0
36 0 ` 0 0 0 -1 -1 -1 256 1 0
36 1 ` 0 0 0 -1 -1 -1 256 1 0
36 2 ` 0 0 0 -1 -1 -1 256 1 0
36 3 ` 0 0 0 -1 -1 -1 256 1 0
36 4 ` 0 0 0 -1 -1 -1 99 1 0
36 5 ` 0 0 0 -1 -1 -1 99 1 0
36 6 ` 0 0 0 -1 -1 -1 99 1 0
36 7 ` 0 0 0 -1 -1 -1 99 1 0
36 8 ` 0 0 0 -1 -1 -1 99 1 0
36 9 ` 0 0 0 -1 -1 -1 99 1 0
36 10 ` 0 0 0 -1 -1 -1 99 1 0
36 11 ` 0 0 0 -1 -1 -1 99 1 0
36 12 ` 0 0 0 -1 -1 -1 99 1 0
36 13 ` 0 0 0 -1 -1 -1 99 1 0
36 14 ` 0 0 0 -1 -1 -1 99 1 0
36 15 ` 0 0 0 -1 -1 -1 99 1 0
36 16 ` 0 0 0 -1 -1 -1 99 1 0
36 17 ` 0 0 0 -1 -1 -1 99 1 0
36 18 ` 0 0 0 -1 -1 -1 99 1 0
36 19 ` 0 0 0 -1 -1 -1 99 1 0
36 20 ` 0 0 0 -1 -1 -1 99 1 0
36 21 ` 0 0 0 -1 -1 -1 99 1 0
36 22 ` 0 0 0 -1 -1 -1 99 1 0
36 23 ` 0 0 0 -1 -1 -1 99 1 0
36 24 ` 0 0 0 -1 -1 -1 99 1 0
36 25 ` 0 0 0 -1 -1 -1 99 1 0
36 26 ` 0 0 0 -1 -1 -1 99 1 0
36 27 ` 0 0 0 -1 -1 -1 99 1 0
36 28 ` 0 0 0 -1 -1 -1 99 1 0
36 29 ` 0 0 0 -1 -1 -1 99 1 0
36 30 ` 0 0 0 -1 -1 -1 99 1 0
36 31 ` 0 0 0 -1 -1 -1 99 1 0
36 32 ` 0 0 0 -1 -1 -1 99 1 0
36 33 ` 0 0 0 -1 -1 -1 99 1 0
36 34 ` 0 0 0 -1 -1 -1 99 1 0
36 35 ` 0 0 0 -1 -1 -1 99 1 0
36 36 ` 0 0 0 -1 -1 -1 99 1 0
36 37 ` 0 0 0 -1 -1 -1 99 1 0
36 38 ` 0 0 0 -1 -1 -1 99 1 0
36 39 ` 0 0 0 -1 -1 -1 99 1 0
36 40 ` 0 0 0 -1 -1 -1 99 1 0
36 41 ` 0 0 0 -1 -1 -1 256 1 0
36 42 ` 0 0 0 -1 -1 -1 256 1 0
36 43 ` 0 0 0 -1 -1 -1 256 1 0
36 44 ` 0 0 0 -1 -1 -1 256 1 0
36 45 ` 0 0 0 -1 -1 -1 256 1 0
36 46 ` 0 0 0 -1 -1 -1 256 1 0
36 47 ` 0 0 0 -1 -1 -1 256 1 0
36 48 ` 0 0 0 -1 -1 -1 256 1 0
36 49 ` 0 0 0 -1 -1 -1 256 1 0
36 50 ` 0 0 0 -1 -1 -1 256 1 0
36 51 ` 0 0 0 -1 -1 -1 256 1 0
36 52 ` 0 0 0 -1 -1 -1 256 1 0
36 53 ` 0 0 0 -1 -1 -1 256 1 0
36 54 ` 0 0 0 -1 -1 -1 256 1 0
36 55 ` 0 0 0 -1 -1 -1 256 1 0
36 56 ` 0 0 0 -1 -1 -1 256 1 0
36 57 ` 0 0 0 -1 -1 -1 256 1 0
36 58 ` 0 0 0 -1 -1 -1 256 1 0
36 59 ` 0 0 0 -1 -1 -1 256 1 0
36 60 ` 0 0 0 -1 -1 -1 256 1 0
36 61 ` 0 0 0 -1 -1 -1 256 1 0
36 62 ` 0 0 0 -1 -1 -1 256 1 0
36 63 ` 0 0 0 -1 -1 -1 256 1 0
36 64 ` 0 0 0 -1 -1 -1 256 1 0
36 65 ` 0 0 0 -1 -1 -1 256 1 0
36 66 ` 0 0 0 -1 -1 -1 256 1 0
23
23 15 4
17 13 5
6 31 0
10 17 3
52 32 1
61 31 3
23 3 1
17 10 2
24 15 2
58 32 4
61 13 4
60 28 3
12 19 3
44 28 5
20 28 0
17 15 3
60 27 0
55 8 3
26 32 1
39 28 4
13 31 5
40 7 5
60 28 0
